%!PS
%%BoundingBox: -1 -1 77 224 
%%HiResBoundingBox: -0.24907 -0.24907 76.96121 223.41167 
%%Creator: MetaPost 1.902
%%CreationDate: 2016.04.02:1321
%%Pages: 1
%%BeginProlog
%%EndProlog
%%Page: 1 1
 0 0 0 setrgbcolor 0 0.49814 dtransform truncate idtransform setlinewidth pop
 [] 0 setdash 1 setlinecap 1 setlinejoin 10 setmiterlimit
newpath 4.18434 6.69566 moveto
4.63808 12.69243 5.10289 18.68832 5.57877 24.68338 curveto
6.03293 30.40495 6.49731 36.12567 6.97404 41.84554 curveto
7.42715 47.28406 7.89131 52.72151 8.36826 58.1579 curveto
8.82115 63.32144 9.28554 68.48392 9.76353 73.64534 curveto
10.21558 78.52711 10.67953 83.4076 11.15796 88.28682 curveto
11.60957 92.89255 12.07375 97.49722 12.55324 102.10019 curveto
13.00357 106.4237 13.46732 110.74596 13.94745 115.0663 curveto
14.39714 119.11423 14.86131 123.16064 15.34273 127.20496 curveto
15.79115 130.97194 16.25468 134.73744 16.73715 138.50018 curveto
17.18472 141.99051 17.64825 145.4787 18.13243 148.96413 curveto
18.5783 152.17415 19.0414 155.38164 19.52686 158.58592 curveto
19.97102 161.51694 20.4337 164.44519 20.92107 167.3694 curveto
21.36353 170.0246 21.82622 172.67618 22.31635 175.32286 curveto
22.75626 177.6982 23.21808 180.06926 23.71077 182.43417 curveto
24.14813 184.53305 24.60953 186.62703 25.10605 188.71292 curveto
25.53957 190.5332 25.99948 192.34732 26.50026 194.15016 curveto
26.92953 195.6957 27.38838 197.23293 27.89554 198.75482 curveto
28.31885 200.02496 28.77493 201.28403 29.28996 202.5199 curveto
29.70625 203.51912 30.15956 204.50343 30.68524 205.44986 curveto
31.09302 206.18367 31.54185 206.89578 32.07945 207.54086 curveto
32.48276 208.02483 32.93416 208.4724 33.47473 208.79674 curveto
33.89847 209.05106 34.37477 209.21494 34.86916 209.21494 curveto
35.36354 209.21494 35.83984 209.05106 36.26358 208.79674 curveto
36.80415 208.4724 37.25555 208.02483 37.65886 207.54086 curveto
38.19646 206.89578 38.6453 206.18367 39.05307 205.44986 curveto
39.57875 204.50343 40.03206 203.51912 40.44835 202.5199 curveto
40.96338 201.28403 41.41946 200.02496 41.84277 198.75482 curveto
42.34993 197.23293 42.80878 195.6957 43.23805 194.15016 curveto
43.73883 192.34732 44.19875 190.5332 44.63226 188.71292 curveto
45.12878 186.62703 45.59018 184.53305 46.02754 182.43417 curveto
46.52023 180.06926 46.98206 177.6982 47.42197 175.32286 curveto
47.9121 172.67618 48.37479 170.0246 48.81725 167.3694 curveto
49.30461 164.44476 49.7675 161.51608 50.21167 158.58464 curveto
50.69713 155.38078 51.16002 152.17374 51.60588 148.96413 curveto
52.09006 145.4787 52.55359 141.99051 53.00116 138.50018 curveto
53.48363 134.73744 53.94716 130.97194 54.39558 127.20496 curveto
54.877 123.16064 55.34117 119.11423 55.79086 115.0663 curveto
56.271 110.74596 56.73474 106.4237 57.18507 102.10019 curveto
57.66457 97.49722 58.12874 92.89255 58.58035 88.28682 curveto
59.05878 83.4076 59.52274 78.52711 59.97478 73.64534 curveto
60.45277 68.48392 60.91716 63.32144 61.37006 58.1579 curveto
61.847 52.72151 62.31116 47.28406 62.76427 41.84554 curveto
63.241 36.12567 63.70538 30.40495 64.15955 24.68338 curveto
64.63542 18.68832 65.10023 12.69243 65.55397 6.69566 curveto stroke
newpath 66.81859 9.78868 moveto
65.93375 9.01416 65.46524 7.86824 65.55397 6.69566 curveto
65.46524 7.86824 64.82962 8.9306 63.8383 9.56316 curveto stroke
newpath 5.90001 9.56316 moveto
4.90869 8.9306 4.27307 7.86824 4.18434 6.69566 curveto
4.27307 7.86824 3.80457 9.01416 2.91972 9.78868 curveto stroke
newpath 0 41.84299 moveto
76.71214 41.84299 lineto stroke
newpath 71.73083 44.33365 moveto
72.90677 42.76573 74.75226 41.84299 76.71214 41.84299 curveto
74.75226 41.84299 72.90677 40.92024 71.73083 39.35233 curveto stroke
 0.49814 0 dtransform exch truncate exch idtransform pop setlinewidth
newpath 20.9215 0 moveto
20.9215 223.1626 lineto stroke
 0 0.49814 dtransform truncate idtransform setlinewidth pop
newpath 18.43083 218.18129 moveto
19.99875 219.35722 20.9215 221.20271 20.9215 223.1626 curveto
20.9215 221.20271 21.84424 219.35722 23.41216 218.18129 curveto stroke
 0.49814 0 dtransform exch truncate exch idtransform pop setlinewidth
newpath 6.97383 39.85046 moveto
6.97383 43.83551 lineto stroke
newpath 20.9215 39.85046 moveto
20.9215 43.83551 lineto stroke
newpath 34.86916 39.85046 moveto
34.86916 43.83551 lineto stroke
newpath 48.81682 39.85046 moveto
48.81682 43.83551 lineto stroke
newpath 62.76448 39.85046 moveto
62.76448 43.83551 lineto stroke
 0 0.49814 dtransform truncate idtransform setlinewidth pop
newpath 22.91402 55.79065 moveto
18.92897 55.79065 lineto stroke
newpath 22.91402 69.73831 moveto
18.92897 69.73831 lineto stroke
newpath 22.91402 83.68597 moveto
18.92897 83.68597 lineto stroke
newpath 22.91402 97.63364 moveto
18.92897 97.63364 lineto stroke
newpath 22.91402 111.5813 moveto
18.92897 111.5813 lineto stroke
newpath 22.91402 125.52896 moveto
18.92897 125.52896 lineto stroke
newpath 22.91402 139.47662 moveto
18.92897 139.47662 lineto stroke
newpath 22.91402 153.42429 moveto
18.92897 153.42429 lineto stroke
newpath 22.91402 167.37195 moveto
18.92897 167.37195 lineto stroke
newpath 22.91402 181.31961 moveto
18.92897 181.31961 lineto stroke
newpath 22.91402 195.26727 moveto
18.92897 195.26727 lineto stroke
newpath 22.91402 209.21494 moveto
18.92897 209.21494 lineto stroke
newpath 62.76448 43.84299 moveto
62.23402 43.84299 61.72536 43.63223 61.3503 43.25717 curveto
60.97523 42.88211 60.76448 42.37344 60.76448 41.84299 curveto
60.76448 41.31253 60.97523 40.80386 61.3503 40.4288 curveto
61.72536 40.05374 62.23402 39.84299 62.76448 39.84299 curveto
63.29494 39.84299 63.8036 40.05374 64.17867 40.4288 curveto
64.55373 40.80386 64.76448 41.31253 64.76448 41.84299 curveto
64.76448 42.37344 64.55373 42.88211 64.17867 43.25717 curveto
63.8036 43.63223 63.29494 43.84299 62.76448 43.84299 curveto closepath fill
newpath 6.97383 43.84299 moveto
6.44337 43.84299 5.93471 43.63223 5.55965 43.25717 curveto
5.18459 42.88211 4.97383 42.37344 4.97383 41.84299 curveto
4.97383 41.31253 5.18459 40.80386 5.55965 40.4288 curveto
5.93471 40.05374 6.44337 39.84299 6.97383 39.84299 curveto
7.50429 39.84299 8.01295 40.05374 8.38802 40.4288 curveto
8.76308 40.80386 8.97383 41.31253 8.97383 41.84299 curveto
8.97383 42.37344 8.76308 42.88211 8.38802 43.25717 curveto
8.01295 43.63223 7.50429 43.84299 6.97383 43.84299 curveto closepath fill
showpage
%%EOF
