%!PS
%%BoundingBox: -1 -1 88 140 
%%HiResBoundingBox: -0.24907 -0.24907 87.42197 139.7257 
%%Creator: MetaPost 1.902
%%CreationDate: 2016.04.02:1321
%%Pages: 1
%%BeginProlog
%%EndProlog
%%Page: 1 1
 0 0 0 setrgbcolor 0 0.49814 dtransform truncate idtransform setlinewidth pop
 [] 0 setdash 1 setlinecap 1 setlinejoin 10 setmiterlimit
newpath 7.47197 132.00467 moveto
7.79927 129.71315 8.13127 127.42224 8.46799 125.13211 curveto
8.79529 122.90688 9.12714 120.6824 9.464 118.4587 curveto
9.79146 116.2976 10.12361 114.13728 10.46109 111.97774 curveto
10.78809 109.88521 11.11993 107.7936 11.4571 105.70276 curveto
11.78395 103.67667 12.1158 101.65149 12.45313 99.62708 curveto
12.77982 97.66727 13.11151 95.70836 13.44914 93.75053 curveto
13.77599 91.85518 14.10814 89.96059 14.44623 88.06721 curveto
14.77246 86.24011 15.10431 84.41408 15.44225 82.58911 curveto
15.76833 80.8283 16.10002 79.06868 16.43826 77.31015 curveto
16.76419 75.61577 17.09589 73.92244 17.43428 72.23048 curveto
17.76021 70.60056 18.09236 68.97198 18.43137 67.3448 curveto
18.75668 65.78297 19.08853 64.2225 19.42738 62.66357 curveto
19.75255 61.16803 20.08424 59.67384 20.4234 58.18149 curveto
20.74826 56.75223 21.07997 55.32463 21.41942 53.8987 curveto
21.74397 52.53555 22.07553 51.17424 22.41544 49.81491 curveto
22.73999 48.51668 23.072 47.22043 23.41252 45.9263 curveto
23.73631 44.69571 24.06802 43.46712 24.40854 42.24109 curveto
24.73203 41.07663 25.06358 39.91446 25.40456 38.75502 curveto
25.7276 37.6567 26.05914 36.5608 26.40057 35.46811 curveto
26.72346 34.43484 27.05531 33.40416 27.39766 32.37714 curveto
27.71979 31.4109 28.05118 30.44788 28.39368 29.4888 curveto
28.7152 28.58856 29.04659 27.6918 29.3897 26.79945 curveto
29.7106 25.96504 30.04185 25.13457 30.38571 24.30942 curveto
30.70601 23.54082 31.03711 22.77663 31.38173 22.01851 curveto
31.70172 21.31467 32.03297 20.61615 32.37881 19.92462 curveto
32.69774 19.28691 33.02853 18.65543 33.37483 18.03217 curveto
33.69286 17.45966 34.02379 16.8943 34.37085 16.33899 curveto
34.68811 15.83125 35.0189 15.33218 35.36687 14.84496 curveto
35.68382 14.40121 36.01492 13.96767 36.36395 13.5487 curveto
36.68 13.16942 37.01079 12.8023 37.35997 12.45313 curveto
37.67601 12.13707 38.00696 11.83592 38.35599 11.55667 curveto
38.67279 11.30325 39.00404 11.06824 39.352 10.85951 curveto
39.67125 10.66814 40.00356 10.49908 40.34909 10.3609 curveto
40.67152 10.232 41.00444 10.1303 41.34511 10.0622 curveto
41.67316 9.99667 42.00668 9.96262 42.34113 9.96262 curveto
42.67557 9.96262 43.0091 9.99667 43.33714 10.0622 curveto
43.67781 10.1303 44.01073 10.232 44.33316 10.3609 curveto
44.6787 10.49908 45.011 10.66814 45.33025 10.85951 curveto
45.6782 11.06824 46.00946 11.30325 46.32626 11.55667 curveto
46.6753 11.83592 47.00624 12.13707 47.32228 12.45313 curveto
47.67146 12.8023 48.00226 13.16942 48.3183 13.5487 curveto
48.66733 13.96767 48.99843 14.40121 49.31538 14.84496 curveto
49.66335 15.33218 49.99414 15.83125 50.3114 16.33899 curveto
50.65846 16.8943 50.9894 17.45966 51.30742 18.03217 curveto
51.65372 18.65543 51.98451 19.28691 52.30344 19.92462 curveto
52.64928 20.61615 52.98053 21.31467 53.30052 22.01851 curveto
53.64514 22.77663 53.97624 23.54082 54.29654 24.30942 curveto
54.6404 25.13457 54.97165 25.96504 55.29256 26.79945 curveto
55.63567 27.6918 55.96706 28.58856 56.28857 29.4888 curveto
56.63107 30.44788 56.96246 31.4109 57.28459 32.37714 curveto
57.62694 33.40416 57.95879 34.43484 58.28168 35.46811 curveto
58.62311 36.5608 58.95465 37.6567 59.2777 38.75502 curveto
59.61867 39.91446 59.95023 41.07663 60.27371 42.24109 curveto
60.61423 43.46712 60.94594 44.69571 61.26973 45.9263 curveto
61.61024 47.22043 61.94226 48.51668 62.26682 49.81491 curveto
62.60672 51.17424 62.93828 52.53555 63.26283 53.8987 curveto
63.60228 55.32463 63.93399 56.75223 64.25885 58.18149 curveto
64.598 59.67384 64.9297 61.16803 65.25487 62.66357 curveto
65.59372 64.2225 65.92557 65.78297 66.25089 67.3448 curveto
66.58989 68.97198 66.92204 70.60056 67.24797 72.23048 curveto
67.58636 73.92244 67.91806 75.61577 68.24399 77.31015 curveto
68.58223 79.06868 68.91393 80.8283 69.24 82.58911 curveto
69.57794 84.41408 69.90979 86.24011 70.23602 88.06721 curveto
70.57411 89.96059 70.90627 91.85518 71.23311 93.75053 curveto
71.57074 95.70836 71.90244 97.66727 72.22913 99.62708 curveto
72.56645 101.65149 72.8983 103.67667 73.22514 105.70276 curveto
73.56232 107.7936 73.89417 109.88521 74.22116 111.97774 curveto
74.55864 114.13728 74.8908 116.2976 75.21825 118.4587 curveto
75.55511 120.6824 75.88696 122.90688 76.21426 125.13211 curveto
76.55098 127.42224 76.88298 129.71315 77.21028 132.00467 curveto stroke
newpath 75.30826 129.25722 moveto
76.33932 129.82265 77.044 130.84055 77.21028 132.00467 curveto
77.044 130.84055 77.43552 129.66606 78.26706 128.83458 curveto stroke
newpath 6.41519 128.83458 moveto
7.24673 129.66606 7.63824 130.84055 7.47197 132.00467 curveto
7.63824 130.84055 8.34293 129.82265 9.374 129.25722 curveto stroke
newpath 0 99.62616 moveto
87.1729 99.62616 lineto stroke
newpath 82.19159 102.11682 moveto
83.36752 100.5489 85.21301 99.62616 87.1729 99.62616 curveto
85.21301 99.62616 83.36752 98.70341 82.19159 97.1355 curveto stroke
 0.49814 0 dtransform exch truncate exch idtransform pop setlinewidth
newpath 82.19159 0 moveto
82.19159 139.47662 lineto stroke
 0 0.49814 dtransform truncate idtransform setlinewidth pop
newpath 79.70093 134.49532 moveto
81.26884 135.67125 82.19159 137.51674 82.19159 139.47662 curveto
82.19159 137.51674 83.11433 135.67125 84.68225 134.49532 curveto stroke
 0.49814 0 dtransform exch truncate exch idtransform pop setlinewidth
newpath 2.49066 97.63364 moveto
2.49066 101.61868 lineto stroke
newpath 12.45328 97.63364 moveto
12.45328 101.61868 lineto stroke
newpath 22.4159 97.63364 moveto
22.4159 101.61868 lineto stroke
newpath 32.37851 97.63364 moveto
32.37851 101.61868 lineto stroke
newpath 42.34113 97.63364 moveto
42.34113 101.61868 lineto stroke
newpath 52.30374 97.63364 moveto
52.30374 101.61868 lineto stroke
newpath 62.26636 97.63364 moveto
62.26636 101.61868 lineto stroke
newpath 72.22897 97.63364 moveto
72.22897 101.61868 lineto stroke
newpath 82.19159 97.63364 moveto
82.19159 101.61868 lineto stroke
 0 0.49814 dtransform truncate idtransform setlinewidth pop
newpath 84.18411 9.96262 moveto
80.19907 9.96262 lineto stroke
newpath 84.18411 19.92523 moveto
80.19907 19.92523 lineto stroke
newpath 84.18411 29.88785 moveto
80.19907 29.88785 lineto stroke
newpath 84.18411 39.85046 moveto
80.19907 39.85046 lineto stroke
newpath 84.18411 49.81308 moveto
80.19907 49.81308 lineto stroke
newpath 84.18411 59.7757 moveto
80.19907 59.7757 lineto stroke
newpath 84.18411 69.73831 moveto
80.19907 69.73831 lineto stroke
newpath 84.18411 79.70093 moveto
80.19907 79.70093 lineto stroke
newpath 84.18411 89.66354 moveto
80.19907 89.66354 lineto stroke
newpath 84.18411 99.62616 moveto
80.19907 99.62616 lineto stroke
newpath 12.45328 101.62616 moveto
11.92282 101.62616 11.41415 101.4154 11.0391 101.04034 curveto
10.66403 100.66528 10.45328 100.15662 10.45328 99.62616 curveto
10.45328 99.0957 10.66403 98.58704 11.0391 98.21198 curveto
11.41415 97.83691 11.92282 97.62616 12.45328 97.62616 curveto
12.98373 97.62616 13.4924 97.83691 13.86746 98.21198 curveto
14.24252 98.58704 14.45328 99.0957 14.45328 99.62616 curveto
14.45328 100.15662 14.24252 100.66528 13.86746 101.04034 curveto
13.4924 101.4154 12.98373 101.62616 12.45328 101.62616 curveto closepath fill
newpath 72.22897 101.62616 moveto
71.69852 101.62616 71.18985 101.4154 70.81479 101.04034 curveto
70.43973 100.66528 70.22897 100.15662 70.22897 99.62616 curveto
70.22897 99.0957 70.43973 98.58704 70.81479 98.21198 curveto
71.18985 97.83691 71.69852 97.62616 72.22897 97.62616 curveto
72.75943 97.62616 73.2681 97.83691 73.64316 98.21198 curveto
74.01822 98.58704 74.22897 99.0957 74.22897 99.62616 curveto
74.22897 100.15662 74.01822 100.66528 73.64316 101.04034 curveto
73.2681 101.4154 72.75943 101.62616 72.22897 101.62616 curveto closepath fill
showpage
%%EOF
