%!PS
%%BoundingBox: -1 -1 70 110 
%%HiResBoundingBox: -0.24907 -0.24907 69.98738 109.83784 
%%Creator: MetaPost 1.902
%%CreationDate: 2016.04.02:1321
%%Pages: 1
%%BeginProlog
%%EndProlog
%%Page: 1 1
 0 0 0 setrgbcolor 0 0.49814 dtransform truncate idtransform setlinewidth pop
 [] 0 setdash 1 setlinecap 1 setlinejoin 10 setmiterlimit
newpath 19.92523 89.66354 moveto
20.55307 84.61049 21.21738 79.56229 21.91788 74.51895 curveto
22.546 69.99734 23.20576 65.4803 23.91052 60.96994 curveto
24.5341 56.97919 25.19264 52.9939 25.90256 49.01773 curveto
26.52097 45.55476 27.17767 42.0988 27.8952 38.655 curveto
28.50662 35.72076 29.1609 32.79564 29.88785 29.88785 curveto
30.48984 27.47958 31.13986 25.08319 31.8805 22.71384 curveto
32.46971 20.82822 33.11336 18.95901 33.87314 17.1354 curveto
34.44502 15.7627 35.07681 14.41278 35.86517 13.15134 curveto
36.41882 12.26508 37.04118 11.41255 37.85782 10.75919 curveto
38.43275 10.29918 39.11409 9.96262 39.85046 9.96262 curveto
40.58684 9.96262 41.26817 10.29918 41.84311 10.75919 curveto
42.65974 11.41255 43.2821 12.26508 43.83575 13.15134 curveto
44.62411 14.41278 45.2559 15.7627 45.82779 17.1354 curveto
46.58757 18.95901 47.23122 20.82822 47.82043 22.71384 curveto
48.56107 25.08319 49.21109 27.47958 49.81308 29.88785 curveto
50.54002 32.79564 51.1943 35.72076 51.80573 38.655 curveto
52.52325 42.0988 53.17996 45.55476 53.79837 49.01773 curveto
54.50829 52.9939 55.16682 56.97919 55.7904 60.96994 curveto
56.49516 65.4803 57.15492 69.99734 57.78305 74.51895 curveto
58.48355 79.56229 59.14786 84.61049 59.7757 89.66354 curveto stroke
newpath 57.92416 86.88182 moveto
58.94473 87.466 59.63069 88.49658 59.7757 89.66354 curveto
59.63069 88.49658 60.04358 87.32947 60.89017 86.51329 curveto stroke
newpath 18.81076 86.51329 moveto
19.65735 87.32947 20.07024 88.49658 19.92523 89.66354 curveto
20.07024 88.49658 20.7562 87.466 21.77676 86.88182 curveto stroke
newpath 0 9.96262 moveto
69.73831 9.96262 lineto stroke
newpath 64.757 12.45328 moveto
65.93294 10.88536 67.77843 9.96262 69.73831 9.96262 curveto
67.77843 9.96262 65.93294 9.03987 64.757 7.47195 curveto stroke
 0.49814 0 dtransform exch truncate exch idtransform pop setlinewidth
newpath 9.96262 0 moveto
9.96262 109.58878 lineto stroke
 0 0.49814 dtransform truncate idtransform setlinewidth pop
newpath 7.47195 104.60747 moveto
9.03987 105.7834 9.96262 107.62889 9.96262 109.58878 curveto
9.96262 107.62889 10.88536 105.7834 12.45328 104.60747 curveto stroke
newpath 39.85046 11.96262 moveto
39.32 11.96262 38.81134 11.75186 38.43628 11.3768 curveto
38.06122 11.00174 37.85046 10.49307 37.85046 9.96262 curveto
37.85046 9.43216 38.06122 8.9235 38.43628 8.54843 curveto
38.81134 8.17337 39.32 7.96262 39.85046 7.96262 curveto
40.38092 7.96262 40.88959 8.17337 41.26465 8.54843 curveto
41.63971 8.9235 41.85046 9.43216 41.85046 9.96262 curveto
41.85046 10.49307 41.63971 11.00174 41.26465 11.3768 curveto
40.88959 11.75186 40.38092 11.96262 39.85046 11.96262 curveto closepath fill
showpage
%%EOF
