%!PS
%%BoundingBox: -1 38 339 136 
%%HiResBoundingBox: -0.24907 38.32414 338.97801 135.74065 
%%Creator: MetaPost 1.902
%%CreationDate: 2016.04.02:1321
%%Pages: 1
%%BeginProlog
%%EndProlog
%%Page: 1 1
 0 0 0 setrgbcolor 0 0.49814 dtransform truncate idtransform setlinewidth pop
 [] 0 setdash 1 setlinecap 1 setlinejoin 10 setmiterlimit
newpath 11.85547 39.12315 moveto
12.39998 40.54271 12.96465 41.95451 13.54947 43.35803 curveto
14.09398 44.66466 14.65685 45.96379 15.2427 47.25258 curveto
15.78618 48.44807 16.34903 49.63478 16.93645 50.80934 curveto
17.47864 51.89319 18.04097 52.96696 18.62968 54.02654 curveto
19.17058 55.00029 19.73317 55.96191 20.32368 56.90648 curveto
20.86328 57.76988 21.42563 58.61858 22.01743 59.4471 curveto
22.55574 60.20067 23.11809 60.9372 23.71092 61.64865 curveto
24.24846 62.2937 24.8108 62.9178 25.40466 63.51167 curveto
25.9422 64.04921 26.50507 64.56116 27.09868 65.03615 curveto
27.63724 65.46721 28.20036 65.86674 28.79192 66.22157 curveto
29.33409 66.54694 29.89876 66.83353 30.48566 67.06845 curveto
31.03378 67.2876 31.6 67.46048 32.1789 67.57626 curveto
32.73683 67.6879 33.3041 67.74579 33.8729 67.74579 curveto
34.4417 67.74579 35.00896 67.6879 35.5669 67.57626 curveto
36.14578 67.46048 36.712 67.2876 37.26013 67.06845 curveto
37.84703 66.83353 38.4117 66.54694 38.95387 66.22157 curveto
39.54543 65.86674 40.10855 65.46721 40.64711 65.03615 curveto
41.24072 64.56116 41.80359 64.04921 42.34111 63.51167 curveto
42.93498 62.9178 43.49733 62.2937 44.03487 61.64865 curveto
44.6277 60.9372 45.19005 60.20067 45.72836 59.4471 curveto
46.32016 58.61858 46.8825 57.76988 47.4221 56.90648 curveto
48.01262 55.96191 48.57521 55.00029 49.1161 54.02654 curveto
49.70482 52.96696 50.26715 51.89319 50.80934 50.80934 curveto
51.39676 49.63478 51.95961 48.44807 52.50308 47.25258 curveto
53.08894 45.96379 53.65181 44.66466 54.19632 43.35803 curveto
54.78114 41.95451 55.34581 40.54271 55.89032 39.12315 curveto stroke
newpath 56.2152 42.4489 moveto
55.58952 41.45323 55.46918 40.22108 55.89032 39.12315 curveto
55.46918 40.22108 54.55568 41.05666 53.42464 41.3785 curveto stroke
newpath 14.32115 41.3785 moveto
13.19011 41.05666 12.27661 40.22108 11.85547 39.12315 curveto
12.27661 40.22108 12.15627 41.45323 11.5306 42.4489 curveto stroke
newpath 158.35588 38.57321 moveto
158.904 40.38481 159.46843 42.19174 160.04964 43.993 curveto
160.59776 45.69217 161.16139 47.38644 161.74338 49.07425 curveto
162.29048 50.661 162.85385 52.24208 163.43687 53.81592 curveto
163.98318 55.29077 164.54657 56.75917 165.13062 58.21956 curveto
165.67564 59.58252 166.23903 60.93849 166.82437 62.28465 curveto
167.36836 63.53596 167.93147 64.77876 168.51811 66.0107 curveto
169.06082 67.15036 169.62367 68.28073 170.21161 69.39767 curveto
170.75302 70.42648 171.31587 71.44417 171.90535 72.44637 curveto
172.4452 73.3643 173.00755 74.26881 173.59833 75.15497 curveto
174.1374 75.96333 174.6995 76.75594 175.29181 77.52606 curveto
175.82986 78.22537 176.39195 78.90582 176.98557 79.55861 curveto
177.5231 80.1499 178.08543 80.71793 178.6793 81.25235 curveto
179.21736 81.73639 179.77997 82.19252 180.37306 82.60756 curveto
180.91318 82.98564 181.47707 83.32884 182.0668 83.6237 curveto
182.61157 83.89609 183.17676 84.1261 183.7603 84.30106 curveto
184.31308 84.4667 184.8798 84.58249 185.45404 84.63985 curveto
186.01717 84.6962 186.58467 84.6962 187.1478 84.63985 curveto
187.72203 84.58249 188.28876 84.4667 188.84154 84.30106 curveto
189.42508 84.1261 189.99026 83.89609 190.53503 83.6237 curveto
191.12477 83.32884 191.68866 82.98564 192.22878 82.60756 curveto
192.82187 82.19252 193.38448 81.73639 193.92253 81.25235 curveto
194.5164 80.71793 195.07874 80.1499 195.61627 79.55861 curveto
196.20988 78.90582 196.77197 78.22537 197.31003 77.52606 curveto
197.90234 76.75594 198.46443 75.96333 199.00351 75.15497 curveto
199.59428 74.26881 200.15663 73.3643 200.69649 72.44637 curveto
201.28596 71.44417 201.84882 70.42648 202.39023 69.39767 curveto
202.97816 68.28073 203.54102 67.15036 204.08372 66.0107 curveto
204.67036 64.77876 205.23347 63.53596 205.77747 62.28465 curveto
206.36281 60.93849 206.9262 59.58252 207.47122 58.21956 curveto
208.05527 56.75917 208.61865 55.29077 209.16496 53.81592 curveto
209.74799 52.24208 210.31136 50.661 210.85846 49.07425 curveto
211.44044 47.38644 212.00407 45.69217 212.5522 43.993 curveto
213.1334 42.19174 213.69783 40.38481 214.24596 38.57321 curveto stroke
newpath 214.81079 41.8667 moveto
214.11467 40.91896 213.90541 39.69876 214.24596 38.57321 curveto
213.90541 39.69876 213.05482 40.59828 211.95004 41.00116 curveto stroke
newpath 160.6518 41.00116 moveto
159.54701 40.59828 158.69643 39.69876 158.35588 38.57321 curveto
158.69643 39.69876 158.48717 40.91896 157.79105 41.8667 curveto stroke
newpath 258.28082 49.75081 moveto
258.82947 51.6743 259.39388 53.59366 259.97404 55.50786 curveto
260.52321 57.31996 261.08711 59.12741 261.66832 60.92944 curveto
262.21619 62.62811 262.77956 64.32185 263.36154 66.00914 curveto
263.9089 67.59642 264.47253 69.17801 265.05556 70.75237 curveto
265.60161 72.22696 266.165 73.69484 266.74878 75.15471 curveto
267.29407 76.51819 267.85771 77.87442 268.44305 79.2211 curveto
268.98679 80.4719 269.5499 81.71469 270.13628 82.9461 curveto
270.67924 84.0863 271.2421 85.21667 271.83029 86.33412 curveto
272.3717 87.36267 272.93404 88.38011 273.52351 89.38203 curveto
274.06389 90.30049 274.62675 91.20604 275.21779 92.09271 curveto
275.7566 92.90082 276.3187 93.69342 276.91101 94.46329 curveto
277.4488 95.16234 278.0109 95.84251 278.60425 96.49506 curveto
279.14178 97.08635 279.70438 97.65437 280.29825 98.18906 curveto
280.83604 98.6731 281.39865 99.12897 281.99149 99.54375 curveto
282.53186 99.92183 283.09601 100.26529 283.68575 100.56015 curveto
284.23051 100.83253 284.7957 101.06255 285.37898 101.2375 curveto
285.93176 101.40341 286.49875 101.51868 287.07298 101.5763 curveto
287.63585 101.63264 288.20335 101.63264 288.76622 101.5763 curveto
289.34071 101.51868 289.90744 101.40341 290.46048 101.2375 curveto
291.04376 101.06255 291.60895 100.83253 292.15372 100.56015 curveto
292.74345 100.26529 293.3076 99.92183 293.84772 99.54375 curveto
294.44055 99.12871 295.00316 98.6731 295.54095 98.18906 curveto
296.13483 97.65437 296.69768 97.08609 297.23521 96.4948 curveto
297.82857 95.84201 298.39066 95.16182 298.92845 94.46277 curveto
299.52077 93.6929 300.08286 92.9003 300.62167 92.0922 curveto
301.2127 91.20578 301.77531 90.30049 302.31569 89.38203 curveto
302.90517 88.38011 303.4675 87.36267 304.00891 86.33412 curveto
304.5971 85.21642 305.16022 84.08578 305.70319 82.94559 curveto
306.28955 81.71417 306.85268 80.47139 307.39641 79.22058 curveto
307.98175 77.87416 308.54514 76.51793 309.09042 75.15471 curveto
309.67421 73.69484 310.2376 72.22696 310.78365 70.75237 curveto
311.36693 69.17775 311.93056 67.5959 312.47792 66.00836 curveto
313.0599 64.32108 313.62328 62.62733 314.17114 60.92867 curveto
314.75235 59.1269 315.316 57.3197 315.86516 55.50786 curveto
316.44533 53.59366 317.00974 51.6743 317.55838 49.75081 curveto stroke
newpath 318.17566 53.03484 moveto
317.46452 52.09831 317.23582 50.88164 317.55838 49.75081 curveto
317.23582 50.88164 316.3997 51.7946 315.30151 52.21504 curveto stroke
newpath 260.53769 52.21504 moveto
259.4395 51.7946 258.60338 50.88164 258.28082 49.75081 curveto
258.60338 50.88164 258.37468 52.09831 257.66354 53.03484 curveto stroke
newpath 0 84.68224 moveto
101.61868 84.68224 lineto stroke
newpath 98.6299 86.17664 moveto
99.33545 85.23589 100.44275 84.68224 101.61868 84.68224 curveto
100.44275 84.68224 99.33545 84.12859 98.6299 83.18784 curveto stroke
newpath 2.98878 83.18784 moveto
2.28323 84.12859 1.17593 84.68224 0 84.68224 curveto
1.17593 84.68224 2.28323 85.23589 2.98878 86.17664 curveto stroke
newpath 118.55513 84.68224 moveto
220.17381 84.68224 lineto stroke
newpath 217.18503 86.17664 moveto
217.89058 85.23589 218.99788 84.68224 220.17381 84.68224 curveto
218.99788 84.68224 217.89058 84.12859 217.18503 83.18784 curveto stroke
newpath 121.54391 83.18784 moveto
120.83836 84.12859 119.73106 84.68224 118.55513 84.68224 curveto
119.73106 84.68224 120.83836 85.23589 121.54391 86.17664 curveto stroke
newpath 237.11026 84.68224 moveto
338.72894 84.68224 lineto stroke
newpath 335.74016 86.17664 moveto
336.44571 85.23589 337.55301 84.68224 338.72894 84.68224 curveto
337.55301 84.68224 336.44571 84.12859 335.74016 83.18784 curveto stroke
newpath 240.09904 83.18784 moveto
239.3935 84.12859 238.2862 84.68224 237.11026 84.68224 curveto
238.2862 84.68224 239.3935 85.23589 240.09904 86.17664 curveto stroke
 0.49814 0 dtransform exch truncate exch idtransform pop setlinewidth
newpath 50.80934 59.27756 moveto
50.80934 135.49158 lineto stroke
 0 0.49814 dtransform truncate idtransform setlinewidth pop
newpath 49.31494 132.50279 moveto
50.25569 133.20834 50.80934 134.31564 50.80934 135.49158 curveto
50.80934 134.31564 51.36299 133.20834 52.30374 132.50279 curveto stroke
newpath 52.30374 62.26634 moveto
51.36299 61.56079 50.80934 60.45349 50.80934 59.27756 curveto
50.80934 60.45349 50.25569 61.56079 49.31494 62.26634 curveto stroke
 0.49814 0 dtransform exch truncate exch idtransform pop setlinewidth
newpath 169.36447 59.27756 moveto
169.36447 135.49158 lineto stroke
 0 0.49814 dtransform truncate idtransform setlinewidth pop
newpath 167.87007 132.50279 moveto
168.81082 133.20834 169.36447 134.31564 169.36447 135.49158 curveto
169.36447 134.31564 169.91812 133.20834 170.85887 132.50279 curveto stroke
newpath 170.85887 62.26634 moveto
169.91812 61.56079 169.36447 60.45349 169.36447 59.27756 curveto
169.36447 60.45349 168.81082 61.56079 167.87007 62.26634 curveto stroke
 0.49814 0 dtransform exch truncate exch idtransform pop setlinewidth
newpath 287.9196 59.27756 moveto
287.9196 135.49158 lineto stroke
 0 0.49814 dtransform truncate idtransform setlinewidth pop
newpath 286.4252 132.50279 moveto
287.36595 133.20834 287.9196 134.31564 287.9196 135.49158 curveto
287.9196 134.31564 288.47325 133.20834 289.414 132.50279 curveto stroke
newpath 289.414 62.26634 moveto
288.47325 61.56079 287.9196 60.45349 287.9196 59.27756 curveto
287.9196 60.45349 287.36595 61.56079 286.4252 62.26634 curveto stroke
newpath 186.30092 85.82794 moveto
185.99704 85.82794 185.70566 85.7072 185.4908 85.49236 curveto
185.27596 85.2775 185.15521 84.98611 185.15521 84.68224 curveto
185.15521 84.37836 185.27596 84.08698 185.4908 83.87212 curveto
185.70566 83.65727 185.99704 83.53653 186.30092 83.53653 curveto
186.6048 83.53653 186.89618 83.65727 187.11104 83.87212 curveto
187.32588 84.08698 187.44662 84.37836 187.44662 84.68224 curveto
187.44662 84.98611 187.32588 85.2775 187.11104 85.49236 curveto
186.89618 85.7072 186.6048 85.82794 186.30092 85.82794 curveto closepath fill
newpath 270.98315 85.82794 moveto
270.67928 85.82794 270.3879 85.7072 270.17303 85.49236 curveto
269.95819 85.2775 269.83745 84.98611 269.83745 84.68224 curveto
269.83745 84.37836 269.95819 84.08698 270.17303 83.87212 curveto
270.3879 83.65727 270.67928 83.53653 270.98315 83.53653 curveto
271.28703 83.53653 271.57841 83.65727 271.79327 83.87212 curveto
272.00812 84.08698 272.12886 84.37836 272.12886 84.68224 curveto
272.12886 84.98611 272.00812 85.2775 271.79327 85.49236 curveto
271.57841 85.7072 271.28703 85.82794 270.98315 85.82794 curveto closepath fill
newpath 304.85605 85.82794 moveto
304.55217 85.82794 304.26079 85.7072 304.04593 85.49236 curveto
303.83109 85.2775 303.71034 84.98611 303.71034 84.68224 curveto
303.71034 84.37836 303.83109 84.08698 304.04593 83.87212 curveto
304.26079 83.65727 304.55217 83.53653 304.85605 83.53653 curveto
305.15993 83.53653 305.45131 83.65727 305.66617 83.87212 curveto
305.88101 84.08698 306.00175 84.37836 306.00175 84.68224 curveto
306.00175 84.98611 305.88101 85.2775 305.66617 85.49236 curveto
305.45131 85.7072 305.15993 85.82794 304.85605 85.82794 curveto closepath fill
showpage
%%EOF
