%!PS
%%BoundingBox: -1 -1 95 126 
%%HiResBoundingBox: -0.24907 -0.24907 94.3958 125.77803 
%%Creator: MetaPost 1.902
%%CreationDate: 2016.04.02:1321
%%Pages: 1
%%BeginProlog
%%EndProlog
%%Page: 1 1
 0 0 0 setrgbcolor 0 0.49814 dtransform truncate idtransform setlinewidth pop
 [] 0 setdash 1 setlinecap 1 setlinejoin 10 setmiterlimit
newpath 4.48317 99.75069 moveto
5.06766 97.11809 5.66527 94.48875 6.27602 91.86217 curveto
6.86104 89.34723 7.45837 86.8353 8.0702 84.32663 curveto
8.65414 81.93263 9.25093 79.54219 9.86304 77.1553 curveto
10.44643 74.8806 11.04321 72.60919 11.65588 70.34242 curveto
12.23871 68.18567 12.83604 66.03273 13.4498 63.88446 curveto
14.03154 61.84808 14.62834 59.81555 15.24265 57.78877 curveto
15.82384 55.87115 16.42035 53.95848 17.03548 52.05154 curveto
17.61612 50.25159 18.21318 48.45685 18.82967 46.66893 curveto
19.40895 44.9891 20.00519 43.3153 20.62251 41.6489 curveto
21.20096 40.08673 21.79776 38.5314 22.41643 36.98485 curveto
22.99352 35.54199 23.58977 34.10706 24.20926 32.68199 curveto
24.78499 31.35762 25.38123 30.04172 26.0021 28.73787 curveto
26.57727 27.53033 27.17325 26.33292 27.7963 25.14946 curveto
28.36955 24.06041 28.96526 22.9834 29.58913 21.92253 curveto
30.16103 20.95059 30.75644 19.99232 31.38197 19.05405 curveto
31.95276 18.19786 32.54846 17.35808 33.17589 16.54239 curveto
33.74532 15.80222 34.34047 15.08202 34.96873 14.3911 curveto
35.53761 13.7653 36.13303 13.16414 36.76157 12.59827 curveto
37.33153 12.08548 37.9275 11.60252 38.55576 11.1628 curveto
39.12738 10.76247 39.72444 10.39937 40.34859 10.08714 curveto
40.92542 9.79874 41.52383 9.5552 42.14143 9.36996 curveto
42.727 9.19429 43.32707 9.07225 43.93535 9.01123 curveto
44.53133 8.95158 45.13222 8.95158 45.7282 9.01123 curveto
46.33647 9.07225 46.93681 9.19429 47.52238 9.36996 curveto
48.14024 9.5552 48.7384 9.79901 49.31522 10.08742 curveto
49.93938 10.39964 50.53644 10.76274 51.10806 11.16307 curveto
51.73604 11.6028 52.33228 12.08548 52.90198 12.59827 curveto
53.53052 13.16414 54.12593 13.7653 54.69481 14.3911 curveto
55.32307 15.08202 55.91823 15.80222 56.48766 16.54239 curveto
57.11508 17.35835 57.71078 18.19786 58.28185 19.05432 curveto
58.90738 19.9926 59.50279 20.95087 60.07468 21.9228 curveto
60.69884 22.98367 61.29427 24.06096 61.86752 25.15001 curveto
62.4903 26.33347 63.08655 27.53061 63.66144 28.73787 curveto
64.28232 30.04172 64.87856 31.35762 65.45428 32.68199 curveto
66.07378 34.10706 66.67003 35.54199 67.24712 36.98485 curveto
67.86578 38.53168 68.46286 40.08728 69.0413 41.64972 curveto
69.65836 43.31613 70.25487 44.98993 70.83415 46.66975 curveto
71.45064 48.45738 72.04742 50.25186 72.62807 52.05154 curveto
73.2432 53.95848 73.8397 55.87115 74.4209 57.78877 curveto
75.0352 59.81555 75.632 61.84808 76.21375 63.88446 curveto
76.8275 66.033 77.42484 68.1865 78.00793 70.34352 curveto
78.6206 72.61029 79.21739 74.8817 79.80077 77.1564 curveto
80.41289 79.54329 81.00967 81.93373 81.59361 84.32773 curveto
82.20544 86.83583 82.80278 89.3475 83.38753 91.86217 curveto
83.99828 94.48875 84.59589 97.11809 85.18037 99.75069 curveto stroke
newpath 83.07372 97.15685 moveto
84.14503 97.64172 84.9255 98.6027 85.18037 99.75069 curveto
84.9255 98.6027 85.226 97.40173 85.99147 96.50908 curveto stroke
newpath 3.67207 96.50908 moveto
4.43755 97.40173 4.73804 98.6027 4.48317 99.75069 curveto
4.73804 98.6027 5.51851 97.64172 6.58983 97.15685 curveto stroke
newpath 0 26.89906 moveto
94.14673 26.89906 lineto stroke
newpath 89.16542 29.38972 moveto
90.34135 27.82181 92.18684 26.89906 94.14673 26.89906 curveto
92.18684 26.89906 90.34135 25.97632 89.16542 24.4084 curveto stroke
 0.49814 0 dtransform exch truncate exch idtransform pop setlinewidth
newpath 80.69719 0 moveto
80.69719 125.52896 lineto stroke
 0 0.49814 dtransform truncate idtransform setlinewidth pop
newpath 78.20653 120.54765 moveto
79.77444 121.72359 80.69719 123.56908 80.69719 125.52896 curveto
80.69719 123.56908 81.61993 121.72359 83.18785 120.54765 curveto stroke
 0.49814 0 dtransform exch truncate exch idtransform pop setlinewidth
newpath 26.89906 24.90654 moveto
26.89906 28.89159 lineto stroke
newpath 44.83177 24.90654 moveto
44.83177 28.89159 lineto stroke
newpath 62.76448 24.90654 moveto
62.76448 28.89159 lineto stroke
 0 0.49814 dtransform truncate idtransform setlinewidth pop
newpath 82.68971 8.96635 moveto
78.70467 8.96635 lineto stroke
newpath 82.68971 44.83177 moveto
78.70467 44.83177 lineto stroke
newpath 82.68971 62.76448 moveto
78.70467 62.76448 lineto stroke
newpath 82.68971 80.69719 moveto
78.70467 80.69719 lineto stroke
newpath 44.83177 10.96635 moveto
44.30132 10.96635 43.79265 10.7556 43.41759 10.38054 curveto
43.04253 10.00548 42.83177 9.49681 42.83177 8.96635 curveto
42.83177 8.4359 43.04253 7.92723 43.41759 7.55217 curveto
43.79265 7.17711 44.30132 6.96635 44.83177 6.96635 curveto
45.36223 6.96635 45.8709 7.17711 46.24596 7.55217 curveto
46.62102 7.92723 46.83177 8.4359 46.83177 8.96635 curveto
46.83177 9.49681 46.62102 10.00548 46.24596 10.38054 curveto
45.8709 10.7556 45.36223 10.96635 44.83177 10.96635 curveto closepath fill
newpath 26.89906 28.89906 moveto
26.3686 28.89906 25.85994 28.68831 25.48488 28.31325 curveto
25.10982 27.93819 24.89906 27.42952 24.89906 26.89906 curveto
24.89906 26.3686 25.10982 25.85994 25.48488 25.48488 curveto
25.85994 25.10982 26.3686 24.89906 26.89906 24.89906 curveto
27.42952 24.89906 27.93819 25.10982 28.31325 25.48488 curveto
28.68831 25.85994 28.89906 26.3686 28.89906 26.89906 curveto
28.89906 27.42952 28.68831 27.93819 28.31325 28.31325 curveto
27.93819 28.68831 27.42952 28.89906 26.89906 28.89906 curveto closepath fill
newpath 62.76448 28.89906 moveto
62.23402 28.89906 61.72536 28.68831 61.3503 28.31325 curveto
60.97523 27.93819 60.76448 27.42952 60.76448 26.89906 curveto
60.76448 26.3686 60.97523 25.85994 61.3503 25.48488 curveto
61.72536 25.10982 62.23402 24.89906 62.76448 24.89906 curveto
63.29494 24.89906 63.8036 25.10982 64.17867 25.48488 curveto
64.55373 25.85994 64.76448 26.3686 64.76448 26.89906 curveto
64.76448 27.42952 64.55373 27.93819 64.17867 28.31325 curveto
63.8036 28.68831 63.29494 28.89906 62.76448 28.89906 curveto closepath fill
newpath 80.69719 82.69719 moveto
80.16673 82.69719 79.65807 82.48643 79.283 82.11137 curveto
78.90794 81.73631 78.69719 81.22765 78.69719 80.69719 curveto
78.69719 80.16673 78.90794 79.65807 79.283 79.283 curveto
79.65807 78.90794 80.16673 78.69719 80.69719 78.69719 curveto
81.22765 78.69719 81.73631 78.90794 82.11137 79.283 curveto
82.48643 79.65807 82.69719 80.16673 82.69719 80.69719 curveto
82.69719 81.22765 82.48643 81.73631 82.11137 82.11137 curveto
81.73631 82.48643 81.22765 82.69719 80.69719 82.69719 curveto closepath fill
showpage
%%EOF
