%!PS
%%BoundingBox: -1 -1 61 175 
%%HiResBoundingBox: -0.24907 -0.24907 60.02477 174.59485 
%%Creator: MetaPost 1.902
%%CreationDate: 2016.04.02:1321
%%Pages: 1
%%BeginProlog
%%EndProlog
%%Page: 1 1
 0 0 0 setrgbcolor 0 0.49814 dtransform truncate idtransform setlinewidth pop
 [] 0 setdash 1 setlinecap 1 setlinejoin 10 setmiterlimit
newpath 12.95143 172.75157 moveto
13.27963 171.30574 13.6156 169.86172 13.95915 168.41953 curveto
14.2875 167.04134 14.62302 165.66498 14.96703 164.29074 curveto
15.29494 162.98065 15.63043 161.6724 15.97475 160.36656 curveto
16.30235 159.12396 16.63785 157.88335 16.98264 156.64548 curveto
17.30977 155.47084 17.64513 154.29848 17.99036 153.12901 curveto
18.31734 152.02126 18.653 150.91594 18.99884 149.81396 curveto
19.32507 148.77461 19.66042 147.738 20.00656 146.7052 curveto
20.33234 145.73335 20.66753 144.765 21.01428 143.80046 curveto
21.33945 142.89595 21.6748 141.99525 22.02216 141.0991 curveto
22.34657 140.26225 22.68176 139.4295 23.02989 138.60207 curveto
23.35368 137.83224 23.68887 137.06729 24.03777 136.30858 curveto
24.36095 135.60611 24.6957 134.90895 25.04549 134.2194 curveto
25.36777 133.58366 25.70265 132.95447 26.0532 132.33394 curveto
26.37473 131.76477 26.70963 131.20323 27.06108 130.65216 curveto
27.38184 130.14944 27.71643 129.65569 28.0688 129.17455 curveto
28.38881 128.7375 28.72339 128.31125 29.07668 127.9005 curveto
29.39653 127.52866 29.73128 127.16989 30.08502 126.83014 curveto
30.40471 126.52307 30.73961 126.23195 31.0929 125.9641 curveto
31.41365 125.72102 31.74884 125.49756 32.10062 125.30206 curveto
32.42365 125.12253 32.75977 124.96701 33.10834 124.84387 curveto
33.43578 124.7282 33.77281 124.64139 34.11621 124.58955 curveto
34.44958 124.53908 34.78722 124.52191 35.12393 124.53923 curveto
35.46416 124.55672 35.80164 124.60901 36.1318 124.69278 curveto
36.47795 124.78049 36.81453 124.9021 37.13954 125.05017 curveto
37.48993 125.20978 37.82559 125.39966 38.14726 125.61127 curveto
38.49994 125.8434 38.83514 126.10106 39.15514 126.37653 curveto
39.50888 126.68086 39.84378 127.00633 40.16347 127.34624 curveto
40.5169 127.72188 40.8515 128.11469 41.17134 128.51936 curveto
41.52417 128.96568 41.85876 129.426 42.17906 129.89618 curveto
42.53114 130.41273 42.86588 130.94084 43.18694 131.47716 curveto
43.53795 132.06334 43.8727 132.6591 44.19467 133.26184 curveto
44.54477 133.91734 44.87965 134.5809 45.2024 135.25038 curveto
45.55173 135.97505 45.88678 136.70656 46.21027 137.44308 curveto
46.55869 138.23647 46.89389 139.03577 47.21799 139.83934 curveto
47.56581 140.70143 47.901 141.5687 48.22586 142.43974 curveto
48.57292 143.37039 48.90813 144.30545 49.2336 145.24387 curveto
49.58003 146.24292 49.91539 147.24577 50.24132 148.25168 curveto
50.58746 149.3199 50.92311 150.39163 51.2498 151.46594 curveto
51.59518 152.60165 51.93053 153.74042 52.25752 154.88162 curveto
52.60245 156.08574 52.93796 157.29277 53.2654 158.5019 curveto
53.60986 159.77399 53.94537 161.04866 54.27312 162.3253 curveto
54.6173 163.66594 54.95279 165.00871 55.28099 166.35332 curveto
55.62471 167.7619 55.96066 169.17232 56.28873 170.58456 curveto stroke
newpath 54.1568 168.01144 moveto
55.2328 168.48582 56.02264 169.43913 56.28873 170.58456 curveto
56.02264 169.43913 56.31139 168.23528 57.06808 167.33517 curveto stroke
newpath 12.15575 169.50612 moveto
12.91696 170.40244 13.21175 171.60481 12.95143 172.75157 curveto
13.21175 171.60481 13.9968 170.64755 15.07039 170.16777 curveto stroke
newpath 0 4.98131 moveto
59.7757 4.98131 lineto stroke
newpath 54.79439 7.47197 moveto
55.97032 5.90405 57.81581 4.98131 59.7757 4.98131 curveto
57.81581 4.98131 55.97032 4.05856 54.79439 2.49065 curveto stroke
 0.49814 0 dtransform exch truncate exch idtransform pop setlinewidth
newpath 24.90654 0 moveto
24.90654 174.34578 lineto stroke
 0 0.49814 dtransform truncate idtransform setlinewidth pop
newpath 22.41588 169.36447 moveto
23.9838 170.5404 24.90654 172.3859 24.90654 174.34578 curveto
24.90654 172.3859 25.82928 170.5404 27.3972 169.36447 curveto stroke
showpage
%%EOF
