%!PS
%%BoundingBox: -1 59 339 136 
%%HiResBoundingBox: -0.24907 59.02849 338.97801 135.74065 
%%Creator: MetaPost 1.902
%%CreationDate: 2016.04.02:1321
%%Pages: 1
%%BeginProlog
%%EndProlog
%%Page: 1 1
 0 0 0 setrgbcolor 0 0.49814 dtransform truncate idtransform setlinewidth pop
 [] 0 setdash 1 setlinecap 1 setlinejoin 10 setmiterlimit
newpath 11.85547 130.24132 moveto
12.39998 128.82176 12.96465 127.40996 13.54947 126.00644 curveto
14.09398 124.69981 14.65685 123.40068 15.2427 122.1119 curveto
15.78618 120.9164 16.34903 119.72969 16.93645 118.55513 curveto
17.47864 117.47128 18.04097 116.3975 18.62968 115.33794 curveto
19.17058 114.36418 19.73317 113.40256 20.32368 112.458 curveto
20.86328 111.59459 21.42563 110.7459 22.01743 109.91737 curveto
22.55574 109.1638 23.11809 108.42728 23.71092 107.71582 curveto
24.24846 107.07077 24.8108 106.44667 25.40466 105.8528 curveto
25.9422 105.31526 26.50507 104.80331 27.09868 104.32832 curveto
27.63724 103.89726 28.20036 103.49773 28.79192 103.1429 curveto
29.33409 102.81754 29.89876 102.53094 30.48566 102.29602 curveto
31.03378 102.07687 31.6 101.90399 32.1789 101.78821 curveto
32.73683 101.67657 33.3041 101.61868 33.8729 101.61868 curveto
34.4417 101.61868 35.00896 101.67657 35.5669 101.78821 curveto
36.14578 101.90399 36.712 102.07687 37.26013 102.29602 curveto
37.84703 102.53094 38.4117 102.81754 38.95387 103.1429 curveto
39.54543 103.49773 40.10855 103.89726 40.64711 104.32832 curveto
41.24072 104.80331 41.80359 105.31526 42.34111 105.8528 curveto
42.93498 106.44667 43.49733 107.07077 44.03487 107.71582 curveto
44.6277 108.42728 45.19005 109.1638 45.72836 109.91737 curveto
46.32016 110.7459 46.8825 111.59459 47.4221 112.458 curveto
48.01262 113.40256 48.57521 114.36418 49.1161 115.33794 curveto
49.70482 116.3975 50.26715 117.47128 50.80934 118.55513 curveto
51.39676 119.72969 51.95961 120.9164 52.50308 122.1119 curveto
53.08894 123.40068 53.65181 124.69981 54.19632 126.00644 curveto
54.78114 127.40996 55.34581 128.82176 55.89032 130.24132 curveto stroke
newpath 53.42464 127.98598 moveto
54.55568 128.30782 55.46918 129.14339 55.89032 130.24132 curveto
55.46918 129.14339 55.58952 127.91124 56.2152 126.91557 curveto stroke
newpath 11.5306 126.91557 moveto
12.15627 127.91124 12.27661 129.14339 11.85547 130.24132 curveto
12.27661 129.14339 13.19011 128.30782 14.32115 127.98598 curveto stroke
newpath 158.35588 130.79126 moveto
158.904 128.97966 159.46843 127.17273 160.04964 125.37148 curveto
160.59776 123.6723 161.16139 121.97803 161.74338 120.29022 curveto
162.29048 118.70348 162.85385 117.12239 163.43687 115.54855 curveto
163.98318 114.0737 164.54657 112.6053 165.13062 111.14491 curveto
165.67564 109.78195 166.23903 108.42598 166.82437 107.07982 curveto
167.36836 105.8285 167.93147 104.58571 168.51811 103.35378 curveto
169.06082 102.21411 169.62367 101.08374 170.21161 99.9668 curveto
170.75302 98.93799 171.31587 97.9203 171.90535 96.9181 curveto
172.4452 96.00017 173.00755 95.09566 173.59833 94.2095 curveto
174.1374 93.40114 174.6995 92.60854 175.29181 91.83841 curveto
175.82986 91.1391 176.39195 90.45865 176.98557 89.80586 curveto
177.5231 89.21457 178.08543 88.64655 178.6793 88.11212 curveto
179.21736 87.62808 179.77997 87.17195 180.37306 86.75691 curveto
180.91318 86.37883 181.47707 86.03563 182.0668 85.74077 curveto
182.61157 85.46838 183.17676 85.23837 183.7603 85.06342 curveto
184.31308 84.89777 184.8798 84.78198 185.45404 84.72462 curveto
186.01717 84.66827 186.58467 84.66827 187.1478 84.72462 curveto
187.72203 84.78198 188.28876 84.89777 188.84154 85.06342 curveto
189.42508 85.23837 189.99026 85.46838 190.53503 85.74077 curveto
191.12477 86.03563 191.68866 86.37883 192.22878 86.75691 curveto
192.82187 87.17195 193.38448 87.62808 193.92253 88.11212 curveto
194.5164 88.64655 195.07874 89.21457 195.61627 89.80586 curveto
196.20988 90.45865 196.77197 91.1391 197.31003 91.83841 curveto
197.90234 92.60854 198.46443 93.40114 199.00351 94.2095 curveto
199.59428 95.09566 200.15663 96.00017 200.69649 96.9181 curveto
201.28596 97.9203 201.84882 98.93799 202.39023 99.9668 curveto
202.97816 101.08374 203.54102 102.21411 204.08372 103.35378 curveto
204.67036 104.58571 205.23347 105.8285 205.77747 107.07982 curveto
206.36281 108.42598 206.9262 109.78195 207.47122 111.14491 curveto
208.05527 112.6053 208.61865 114.0737 209.16496 115.54855 curveto
209.74799 117.12239 210.31136 118.70348 210.85846 120.29022 curveto
211.44044 121.97803 212.00407 123.6723 212.5522 125.37148 curveto
213.1334 127.17273 213.69783 128.97966 214.24596 130.79126 curveto stroke
newpath 211.95004 128.36331 moveto
213.05482 128.76619 213.90541 129.66571 214.24596 130.79126 curveto
213.90541 129.66571 214.11467 128.44551 214.81079 127.49777 curveto stroke
newpath 157.79105 127.49777 moveto
158.48717 128.44551 158.69643 129.66571 158.35588 130.79126 curveto
158.69643 129.66571 159.54701 128.76619 160.6518 128.36331 curveto stroke
newpath 258.28082 119.61366 moveto
258.82947 117.69017 259.39388 115.77081 259.97404 113.85661 curveto
260.52321 112.04451 261.08711 110.23706 261.66832 108.43503 curveto
262.21619 106.73636 262.77956 105.04262 263.36154 103.35533 curveto
263.9089 101.76805 264.47253 100.18646 265.05556 98.6121 curveto
265.60161 97.13751 266.165 95.66963 266.74878 94.20976 curveto
267.29407 92.84628 267.85771 91.49005 268.44305 90.14337 curveto
268.98679 88.89258 269.5499 87.64978 270.13628 86.41837 curveto
270.67924 85.27817 271.2421 84.1478 271.83029 83.03035 curveto
272.3717 82.0018 272.93404 80.98436 273.52351 79.98244 curveto
274.06389 79.06398 274.62675 78.15843 275.21779 77.27176 curveto
275.7566 76.46365 276.3187 75.67105 276.91101 74.90118 curveto
277.4488 74.20213 278.0109 73.52196 278.60425 72.86942 curveto
279.14178 72.27812 279.70438 71.7101 280.29825 71.17542 curveto
280.83604 70.69138 281.39865 70.2355 281.99149 69.82072 curveto
282.53186 69.44264 283.09601 69.09918 283.68575 68.80432 curveto
284.23051 68.53194 284.7957 68.30193 285.37898 68.12697 curveto
285.93176 67.96106 286.49875 67.8458 287.07298 67.78818 curveto
287.63585 67.73183 288.20335 67.73183 288.76622 67.78818 curveto
289.34071 67.8458 289.90744 67.96106 290.46048 68.12697 curveto
291.04376 68.30193 291.60895 68.53194 292.15372 68.80432 curveto
292.74345 69.09918 293.3076 69.44264 293.84772 69.82072 curveto
294.44055 70.23576 295.00316 70.69138 295.54095 71.17542 curveto
296.13483 71.7101 296.69768 72.27838 297.23521 72.86967 curveto
297.82857 73.52246 298.39066 74.20265 298.92845 74.9017 curveto
299.52077 75.67157 300.08286 76.46417 300.62167 77.27228 curveto
301.2127 78.15869 301.77531 79.06398 302.31569 79.98244 curveto
302.90517 80.98436 303.4675 82.0018 304.00891 83.03035 curveto
304.5971 84.14806 305.16022 85.27869 305.70319 86.41888 curveto
306.28955 87.6503 306.85268 88.89308 307.39641 90.14389 curveto
307.98175 91.49031 308.54514 92.84654 309.09042 94.20976 curveto
309.67421 95.66963 310.2376 97.13751 310.78365 98.6121 curveto
311.36693 100.18672 311.93056 101.76857 312.47792 103.35611 curveto
313.0599 105.0434 313.62328 106.73714 314.17114 108.4358 curveto
314.75235 110.23756 315.316 112.04477 315.86516 113.85661 curveto
316.44533 115.77081 317.00974 117.69017 317.55838 119.61366 curveto stroke
newpath 315.30151 117.14943 moveto
316.3997 117.56987 317.23582 118.48283 317.55838 119.61366 curveto
317.23582 118.48283 317.46452 117.26616 318.17566 116.32964 curveto stroke
newpath 257.66354 116.32964 moveto
258.37468 117.26616 258.60338 118.48283 258.28082 119.61366 curveto
258.60338 118.48283 259.4395 117.56987 260.53769 117.14943 curveto stroke
newpath 0 84.68224 moveto
101.61868 84.68224 lineto stroke
newpath 98.6299 86.17664 moveto
99.33545 85.23589 100.44275 84.68224 101.61868 84.68224 curveto
100.44275 84.68224 99.33545 84.12859 98.6299 83.18784 curveto stroke
newpath 2.98878 83.18784 moveto
2.28323 84.12859 1.17593 84.68224 0 84.68224 curveto
1.17593 84.68224 2.28323 85.23589 2.98878 86.17664 curveto stroke
newpath 118.55513 84.68224 moveto
220.17381 84.68224 lineto stroke
newpath 217.18503 86.17664 moveto
217.89058 85.23589 218.99788 84.68224 220.17381 84.68224 curveto
218.99788 84.68224 217.89058 84.12859 217.18503 83.18784 curveto stroke
newpath 121.54391 83.18784 moveto
120.83836 84.12859 119.73106 84.68224 118.55513 84.68224 curveto
119.73106 84.68224 120.83836 85.23589 121.54391 86.17664 curveto stroke
newpath 237.11026 84.68224 moveto
338.72894 84.68224 lineto stroke
newpath 335.74016 86.17664 moveto
336.44571 85.23589 337.55301 84.68224 338.72894 84.68224 curveto
337.55301 84.68224 336.44571 84.12859 335.74016 83.18784 curveto stroke
newpath 240.09904 83.18784 moveto
239.3935 84.12859 238.2862 84.68224 237.11026 84.68224 curveto
238.2862 84.68224 239.3935 85.23589 240.09904 86.17664 curveto stroke
 0.49814 0 dtransform exch truncate exch idtransform pop setlinewidth
newpath 50.80934 59.27756 moveto
50.80934 135.49158 lineto stroke
 0 0.49814 dtransform truncate idtransform setlinewidth pop
newpath 49.31494 132.50279 moveto
50.25569 133.20834 50.80934 134.31564 50.80934 135.49158 curveto
50.80934 134.31564 51.36299 133.20834 52.30374 132.50279 curveto stroke
newpath 52.30374 62.26634 moveto
51.36299 61.56079 50.80934 60.45349 50.80934 59.27756 curveto
50.80934 60.45349 50.25569 61.56079 49.31494 62.26634 curveto stroke
 0.49814 0 dtransform exch truncate exch idtransform pop setlinewidth
newpath 169.36447 59.27756 moveto
169.36447 135.49158 lineto stroke
 0 0.49814 dtransform truncate idtransform setlinewidth pop
newpath 167.87007 132.50279 moveto
168.81082 133.20834 169.36447 134.31564 169.36447 135.49158 curveto
169.36447 134.31564 169.91812 133.20834 170.85887 132.50279 curveto stroke
newpath 170.85887 62.26634 moveto
169.91812 61.56079 169.36447 60.45349 169.36447 59.27756 curveto
169.36447 60.45349 168.81082 61.56079 167.87007 62.26634 curveto stroke
 0.49814 0 dtransform exch truncate exch idtransform pop setlinewidth
newpath 287.9196 59.27756 moveto
287.9196 135.49158 lineto stroke
 0 0.49814 dtransform truncate idtransform setlinewidth pop
newpath 286.4252 132.50279 moveto
287.36595 133.20834 287.9196 134.31564 287.9196 135.49158 curveto
287.9196 134.31564 288.47325 133.20834 289.414 132.50279 curveto stroke
newpath 289.414 62.26634 moveto
288.47325 61.56079 287.9196 60.45349 287.9196 59.27756 curveto
287.9196 60.45349 287.36595 61.56079 286.4252 62.26634 curveto stroke
newpath 186.30092 85.82794 moveto
185.99704 85.82794 185.70566 85.7072 185.4908 85.49236 curveto
185.27596 85.2775 185.15521 84.98611 185.15521 84.68224 curveto
185.15521 84.37836 185.27596 84.08698 185.4908 83.87212 curveto
185.70566 83.65727 185.99704 83.53653 186.30092 83.53653 curveto
186.6048 83.53653 186.89618 83.65727 187.11104 83.87212 curveto
187.32588 84.08698 187.44662 84.37836 187.44662 84.68224 curveto
187.44662 84.98611 187.32588 85.2775 187.11104 85.49236 curveto
186.89618 85.7072 186.6048 85.82794 186.30092 85.82794 curveto closepath fill
newpath 270.98315 85.82794 moveto
270.67928 85.82794 270.3879 85.7072 270.17303 85.49236 curveto
269.95819 85.2775 269.83745 84.98611 269.83745 84.68224 curveto
269.83745 84.37836 269.95819 84.08698 270.17303 83.87212 curveto
270.3879 83.65727 270.67928 83.53653 270.98315 83.53653 curveto
271.28703 83.53653 271.57841 83.65727 271.79327 83.87212 curveto
272.00812 84.08698 272.12886 84.37836 272.12886 84.68224 curveto
272.12886 84.98611 272.00812 85.2775 271.79327 85.49236 curveto
271.57841 85.7072 271.28703 85.82794 270.98315 85.82794 curveto closepath fill
newpath 304.85605 85.82794 moveto
304.55217 85.82794 304.26079 85.7072 304.04593 85.49236 curveto
303.83109 85.2775 303.71034 84.98611 303.71034 84.68224 curveto
303.71034 84.37836 303.83109 84.08698 304.04593 83.87212 curveto
304.26079 83.65727 304.55217 83.53653 304.85605 83.53653 curveto
305.15993 83.53653 305.45131 83.65727 305.66617 83.87212 curveto
305.88101 84.08698 306.00175 84.37836 306.00175 84.68224 curveto
306.00175 84.98611 305.88101 85.2775 305.66617 85.49236 curveto
305.45131 85.7072 305.15993 85.82794 304.85605 85.82794 curveto closepath fill
showpage
%%EOF
