%!PS
%%BoundingBox: -11 -1 90 144 
%%HiResBoundingBox: -10.09525 -0.24907 89.91261 143.71074 
%%Creator: MetaPost 1.902
%%CreationDate: 2016.04.02:1321
%%Pages: 1
%%BeginProlog
%%EndProlog
%%Page: 1 1
 0 0 0 setrgbcolor 0 0.49814 dtransform truncate idtransform setlinewidth pop
 [] 0 setdash 1 setlinecap 1 setlinejoin 10 setmiterlimit
newpath -8.96635 121.04579 moveto
-8.38051 118.11383 -7.78262 115.18405 -7.1727 112.25702 curveto
-6.58713 109.44655 -5.99034 106.63855 -5.38042 103.83327 curveto
-4.79485 101.13992 -4.19751 98.4493 -3.58676 95.76169 curveto
-3.00174 93.18764 -2.4044 90.61661 -1.7931 88.04884 curveto
-1.20863 85.59438 -0.6113 83.14291 0.00055 80.695 curveto
0.58392 78.36147 1.18073 76.03122 1.79283 73.70508 curveto
2.37595 71.48894 2.97328 69.27637 3.58649 67.06844 curveto
4.16905 64.97159 4.76611 62.87859 5.38014 60.79077 curveto
5.96133 58.81433 6.55785 56.84254 7.17242 54.87624 curveto
7.75334 53.01746 8.35014 51.16333 8.96608 49.31577 curveto
9.54617 47.57574 10.1427 45.84148 10.75974 44.11404 curveto
11.33875 42.49277 11.93553 40.87807 12.55339 39.2713 curveto
13.13075 37.7699 13.72699 36.27559 14.34567 34.79059 curveto
14.92249 33.4063 15.51874 32.0302 16.13933 30.66505 curveto
16.71478 29.39896 17.31102 28.14244 17.93298 26.89851 curveto
18.50734 25.75035 19.1033 24.61287 19.72664 23.4907 curveto
20.29907 22.4605 20.89423 21.44313 21.51892 20.44382 curveto
22.09027 19.52962 22.68596 18.63046 23.31258 17.7532 curveto
23.88283 16.95502 24.47824 16.17517 25.10623 15.4216 curveto
25.67511 14.73888 26.26999 14.07834 26.89851 13.45007 curveto
27.46767 12.88092 28.06364 12.3386 28.69217 11.83565 curveto
29.2627 11.37924 29.8592 10.9562 30.48582 10.58023 curveto
31.0599 10.23573 31.65779 9.93227 32.27948 9.68355 curveto
32.85985 9.4515 33.45883 9.26845 34.07176 9.14586 curveto
34.66254 9.02765 35.26315 8.96635 35.86542 8.96635 curveto
36.46768 8.96635 37.0683 9.02765 37.65907 9.14586 curveto
38.272 9.26845 38.87099 9.4515 39.45135 9.68355 curveto
40.07304 9.93227 40.67093 10.23573 41.24501 10.58023 curveto
41.87163 10.9562 42.46814 11.37924 43.03867 11.83565 curveto
43.66719 12.3386 44.26317 12.88092 44.83232 13.45007 curveto
45.46085 14.07834 46.05573 14.73888 46.6246 15.4216 curveto
47.2526 16.17517 47.848 16.95502 48.41826 17.7532 curveto
49.04488 18.63046 49.64056 19.52962 50.21191 20.44382 curveto
50.83661 21.44313 51.43176 22.4605 52.0042 23.4907 curveto
52.62753 24.61287 53.2235 25.75035 53.79785 26.89851 curveto
54.41982 28.14244 55.01605 29.39896 55.5915 30.66505 curveto
56.2121 32.0302 56.80835 33.4063 57.38516 34.79059 curveto
58.00385 36.27559 58.60008 37.7699 59.17744 39.2713 curveto
59.7953 40.87807 60.39209 42.49277 60.9711 44.11404 curveto
61.58813 45.84148 62.18466 47.57574 62.76476 49.31577 curveto
63.38069 51.16333 63.9775 53.01746 64.55841 54.87624 curveto
65.17299 56.84254 65.7695 58.81433 66.3507 60.79077 curveto
66.96472 62.87859 67.56178 64.97159 68.14435 67.06844 curveto
68.75755 69.27637 69.35489 71.48894 69.938 73.70508 curveto
70.55011 76.03122 71.14691 78.36147 71.73029 80.695 curveto
72.34213 83.14291 72.93947 85.59438 73.52394 88.04884 curveto
74.13524 90.61661 74.73257 93.18764 75.3176 95.76169 curveto
75.92834 98.4493 76.52568 101.13992 77.11125 103.83327 curveto
77.72118 106.63855 78.31796 109.44655 78.90353 112.25702 curveto
79.51346 115.18405 80.11134 118.11383 80.69719 121.04579 curveto stroke
newpath 78.64613 118.40775 moveto
79.7069 118.91528 80.46678 119.89264 80.69719 121.04579 curveto
80.46678 119.89264 80.79274 118.69833 81.57701 117.82211 curveto stroke
newpath -9.84618 117.82211 moveto
-9.0619 118.69833 -8.73595 119.89264 -8.96635 121.04579 curveto
-8.73595 119.89264 -7.97606 118.91528 -6.9153 118.40775 curveto stroke
newpath 0 80.69719 moveto
89.66354 80.69719 lineto stroke
newpath 84.68224 83.18785 moveto
85.85817 81.61993 87.70366 80.69719 89.66354 80.69719 curveto
87.70366 80.69719 85.85817 79.77444 84.68224 78.20653 curveto stroke
 0.49814 0 dtransform exch truncate exch idtransform pop setlinewidth
newpath 17.93271 0 moveto
17.93271 143.46167 lineto stroke
 0 0.49814 dtransform truncate idtransform setlinewidth pop
newpath 15.44205 138.48036 moveto
17.00996 139.6563 17.93271 141.50179 17.93271 143.46167 curveto
17.93271 141.50179 18.85545 139.6563 20.42337 138.48036 curveto stroke
newpath 17.93271 27.89532 moveto
17.66847 27.89532 17.41508 27.79034 17.22826 27.60352 curveto
17.04143 27.41669 16.93645 27.1633 16.93645 26.89906 curveto
16.93645 26.63483 17.04143 26.38144 17.22826 26.19461 curveto
17.41508 26.00778 17.66847 25.9028 17.93271 25.9028 curveto
18.19695 25.9028 18.45033 26.00778 18.63716 26.19461 curveto
18.82399 26.38144 18.92897 26.63483 18.92897 26.89906 curveto
18.92897 27.1633 18.82399 27.41669 18.63716 27.60352 curveto
18.45033 27.79034 18.19695 27.89532 17.93271 27.89532 curveto closepath fill
newpath 0 81.69345 moveto
-0.26424 81.69345 -0.51762 81.58847 -0.70445 81.40164 curveto
-0.89128 81.21481 -0.99626 80.96143 -0.99626 80.69719 curveto
-0.99626 80.43295 -0.89128 80.17957 -0.70445 79.99274 curveto
-0.51762 79.80591 -0.26424 79.70093 0 79.70093 curveto
0.26424 79.70093 0.51762 79.80591 0.70445 79.99274 curveto
0.89128 80.17957 0.99626 80.43295 0.99626 80.69719 curveto
0.99626 80.96143 0.89128 81.21481 0.70445 81.40164 curveto
0.51762 81.58847 0.26424 81.69345 0 81.69345 curveto closepath fill
newpath 71.73083 81.69345 moveto
71.4666 81.69345 71.21321 81.58847 71.02638 81.40164 curveto
70.83955 81.21481 70.73457 80.96143 70.73457 80.69719 curveto
70.73457 80.43295 70.83955 80.17957 71.02638 79.99274 curveto
71.21321 79.80591 71.4666 79.70093 71.73083 79.70093 curveto
71.99507 79.70093 72.24846 79.80591 72.43529 79.99274 curveto
72.62212 80.17957 72.7271 80.43295 72.7271 80.69719 curveto
72.7271 80.96143 72.62212 81.21481 72.43529 81.40164 curveto
72.24846 81.58847 71.99507 81.69345 71.73083 81.69345 curveto closepath fill
newpath 35.86542 9.96262 moveto
35.60118 9.96262 35.3478 9.85764 35.16096 9.6708 curveto
34.97414 9.48398 34.86916 9.23059 34.86916 8.96635 curveto
34.86916 8.70212 34.97414 8.44873 35.16096 8.2619 curveto
35.3478 8.07507 35.60118 7.9701 35.86542 7.9701 curveto
36.12965 7.9701 36.38304 8.07507 36.56987 8.2619 curveto
36.7567 8.44873 36.86168 8.70212 36.86168 8.96635 curveto
36.86168 9.23059 36.7567 9.48398 36.56987 9.6708 curveto
36.38304 9.85764 36.12965 9.96262 35.86542 9.96262 curveto closepath fill
showpage
%%EOF
