%!PS
%%BoundingBox: -1 -1 120 180 
%%HiResBoundingBox: -0.24907 -0.24907 119.80046 179.57616 
%%Creator: MetaPost 1.902
%%CreationDate: 2016.04.02:1321
%%Pages: 1
%%BeginProlog
%%EndProlog
%%Page: 1 1
 0 0 0 setrgbcolor 0 0.49814 dtransform truncate idtransform setlinewidth pop
 [] 0 setdash 1 setlinecap 1 setlinejoin 10 setmiterlimit
newpath 29.88785 9.96262 moveto
30.21559 12.58598 30.5476 15.2089 30.88387 17.83119 curveto
31.21161 20.38828 31.54362 22.94475 31.87988 25.50063 curveto
32.20793 27.99432 32.54025 30.48741 32.87712 32.97989 curveto
33.20471 35.4041 33.53658 37.82771 33.87314 40.25073 curveto
34.20058 42.60867 34.53244 44.96585 34.86916 47.32242 curveto
35.19646 49.61394 35.52846 51.90485 35.86517 54.19498 curveto
36.19247 56.42021 36.52432 58.64468 36.86119 60.8684 curveto
37.18864 63.02979 37.52095 65.19055 37.85843 67.35042 curveto
38.18541 69.4428 38.51727 71.5344 38.85445 73.62524 curveto
39.18129 75.65134 39.51314 77.67651 39.85046 79.70093 curveto
40.17715 81.66074 40.50885 83.61963 40.84648 85.57747 curveto
41.17287 87.47084 41.50471 89.36346 41.8425 91.25487 curveto
42.16919 93.08424 42.50134 94.9124 42.83974 96.73965 curveto
43.16582 98.50032 43.49751 100.26007 43.83575 102.01846 curveto
44.16168 103.71284 44.49338 105.40617 44.83177 107.09813 curveto
45.1574 108.72623 45.48909 110.35312 45.82779 111.97864 curveto
46.1531 113.54047 46.48495 115.10107 46.8238 116.66002 curveto
47.14928 118.1574 47.48143 119.6534 47.82104 121.14757 curveto
48.1459 122.57684 48.4776 124.00444 48.81706 125.43036 curveto
49.14162 126.79335 49.47333 128.15466 49.81308 129.514 curveto
50.13733 130.81087 50.46889 132.10576 50.8091 133.39851 curveto
51.13289 134.62909 51.4646 135.85785 51.80511 137.08386 curveto
52.1289 138.2497 52.46092 139.41339 52.80235 140.57419 curveto
53.12538 141.67252 53.45694 142.76826 53.79837 143.86096 curveto
54.12096 144.89316 54.45235 145.92262 54.79439 146.9486 curveto
55.11652 147.91481 55.4479 148.87784 55.7904 149.83707 curveto
56.11192 150.73747 56.44331 151.63406 56.78642 152.52641 curveto
57.10764 153.3619 57.4395 154.19328 57.78366 155.0195 curveto
58.10396 155.7881 58.43506 156.55214 58.77968 157.31024 curveto
59.09921 158.01332 59.43031 158.71109 59.7757 159.40186 curveto
60.09464 160.03941 60.42557 160.67105 60.77171 161.29433 curveto
61.08974 161.86682 61.42053 162.43217 61.76773 162.98764 curveto
62.08545 163.49599 62.41655 163.99567 62.76497 164.48349 curveto
63.08162 164.92677 63.41226 165.35973 63.76099 165.77823 curveto
64.07718 166.15752 64.40782 166.52463 64.757 166.87383 curveto
65.07304 167.18987 65.40399 167.49101 65.75302 167.77026 curveto
66.06982 168.02383 66.40108 168.25885 66.74904 168.46758 curveto
67.06828 168.6591 67.40074 168.828 67.74628 168.96619 curveto
68.06871 169.0951 68.40163 169.1968 68.7423 169.2649 curveto
69.07034 169.33041 69.40387 169.36447 69.73831 169.36447 curveto
70.07275 169.36447 70.40628 169.33041 70.73433 169.2649 curveto
71.075 169.1968 71.40791 169.0951 71.73035 168.96619 curveto
72.07588 168.828 72.40834 168.6591 72.72758 168.46758 curveto
73.07555 168.25885 73.4068 168.02383 73.7236 167.77026 curveto
74.07263 167.49101 74.40358 167.18987 74.71962 166.87383 curveto
75.0688 166.52463 75.39944 166.15752 75.71564 165.77823 curveto
76.06436 165.35973 76.395 164.92677 76.71165 164.48349 curveto
77.06007 163.99567 77.39117 163.49599 77.7089 162.98764 curveto
78.05609 162.43217 78.38689 161.86682 78.70491 161.29433 curveto
79.05106 160.67105 79.38199 160.03941 79.70093 159.40186 curveto
80.04631 158.71109 80.37741 158.01332 80.69695 157.31024 curveto
81.04156 156.55214 81.37267 155.7881 81.69296 155.0195 curveto
82.03712 154.19328 82.36899 153.3619 82.6902 152.52641 curveto
83.03331 151.63406 83.3647 150.73747 83.68622 149.83707 curveto
84.02872 148.87784 84.3601 147.91481 84.68224 146.9486 curveto
85.02428 145.92262 85.35567 144.89316 85.67825 143.86096 curveto
86.01968 142.76826 86.35124 141.67252 86.67427 140.57419 curveto
87.0157 139.41339 87.34772 138.2497 87.67151 137.08386 curveto
88.01202 135.85785 88.34373 134.62909 88.66753 133.39851 curveto
89.00774 132.10576 89.3393 130.81087 89.66354 129.514 curveto
90.0033 128.15466 90.335 126.79335 90.65956 125.43036 curveto
90.99902 124.00444 91.33072 122.57684 91.65558 121.14757 curveto
91.9952 119.6534 92.32735 118.1574 92.65282 116.66002 curveto
92.99167 115.10107 93.32352 113.54047 93.64883 111.97864 curveto
93.98753 110.35312 94.31923 108.72623 94.64485 107.09813 curveto
94.98325 105.40617 95.31494 103.71284 95.64087 102.01846 curveto
95.97911 100.26007 96.3108 98.50032 96.63689 96.73965 curveto
96.97528 94.9124 97.30743 93.08424 97.63412 91.25487 curveto
97.97191 89.36346 98.30376 87.47084 98.63014 85.57747 curveto
98.96777 83.61963 99.29947 81.66074 99.62616 79.70093 curveto
99.96349 77.67651 100.29533 75.65134 100.62218 73.62524 curveto
100.95935 71.5344 101.29121 69.4428 101.6182 67.35042 curveto
101.95567 65.19055 102.28798 63.02979 102.61543 60.8684 curveto
102.9523 58.64468 103.28415 56.42021 103.61145 54.19498 curveto
103.94817 51.90485 104.28017 49.61394 104.60747 47.32242 curveto
104.94418 44.96585 105.27605 42.60867 105.60349 40.25073 curveto
105.94005 37.82771 106.27191 35.4041 106.5995 32.97989 curveto
106.93637 30.48741 107.26869 27.99432 107.59674 25.50063 curveto
107.933 22.94475 108.26501 20.38828 108.59276 17.83119 curveto
108.92902 15.2089 109.26103 12.58598 109.58878 9.96262 curveto stroke
newpath 110.70116 13.11363 moveto
109.85512 12.29689 109.44301 11.12949 109.58878 9.96262 curveto
109.44301 11.12949 108.75636 12.15962 107.7354 12.74312 curveto stroke
newpath 31.74123 12.74312 moveto
30.72026 12.15962 30.03362 11.12949 29.88785 9.96262 curveto
30.03362 11.12949 29.6215 12.29689 28.77547 13.11363 curveto stroke
 0.49814 0 dtransform exch truncate exch idtransform pop setlinewidth
newpath 9.96262 77.7084 moveto
9.96262 81.69345 lineto stroke
newpath 19.92523 77.7084 moveto
19.92523 81.69345 lineto stroke
newpath 29.88785 77.7084 moveto
29.88785 81.69345 lineto stroke
newpath 39.85046 77.7084 moveto
39.85046 81.69345 lineto stroke
newpath 49.81308 77.7084 moveto
49.81308 81.69345 lineto stroke
newpath 59.7757 77.7084 moveto
59.7757 81.69345 lineto stroke
newpath 69.73831 77.7084 moveto
69.73831 81.69345 lineto stroke
newpath 79.70093 77.7084 moveto
79.70093 81.69345 lineto stroke
newpath 89.66354 77.7084 moveto
89.66354 81.69345 lineto stroke
newpath 99.62616 77.7084 moveto
99.62616 81.69345 lineto stroke
newpath 109.58878 77.7084 moveto
109.58878 81.69345 lineto stroke
 0 0.49814 dtransform truncate idtransform setlinewidth pop
newpath 61.76822 9.96262 moveto
57.78317 9.96262 lineto stroke
newpath 61.76822 19.92523 moveto
57.78317 19.92523 lineto stroke
newpath 61.76822 29.88785 moveto
57.78317 29.88785 lineto stroke
newpath 61.76822 39.85046 moveto
57.78317 39.85046 lineto stroke
newpath 61.76822 49.81308 moveto
57.78317 49.81308 lineto stroke
newpath 61.76822 59.7757 moveto
57.78317 59.7757 lineto stroke
newpath 61.76822 69.73831 moveto
57.78317 69.73831 lineto stroke
newpath 61.76822 79.70093 moveto
57.78317 79.70093 lineto stroke
newpath 61.76822 89.66354 moveto
57.78317 89.66354 lineto stroke
newpath 61.76822 99.62616 moveto
57.78317 99.62616 lineto stroke
newpath 61.76822 109.58878 moveto
57.78317 109.58878 lineto stroke
newpath 61.76822 119.55139 moveto
57.78317 119.55139 lineto stroke
newpath 61.76822 129.514 moveto
57.78317 129.514 lineto stroke
newpath 61.76822 139.47662 moveto
57.78317 139.47662 lineto stroke
newpath 61.76822 149.43924 moveto
57.78317 149.43924 lineto stroke
newpath 61.76822 159.40186 moveto
57.78317 159.40186 lineto stroke
newpath 61.76822 169.36447 moveto
57.78317 169.36447 lineto stroke
newpath 0 79.70093 moveto
119.55139 79.70093 lineto stroke
newpath 116.5626 81.19533 moveto
117.26816 80.25458 118.37546 79.70093 119.55139 79.70093 curveto
118.37546 79.70093 117.26816 79.14728 116.5626 78.20653 curveto stroke
newpath 2.98878 78.20653 moveto
2.28323 79.14728 1.17593 79.70093 0 79.70093 curveto
1.17593 79.70093 2.28323 80.25458 2.98878 81.19533 curveto stroke
 0.49814 0 dtransform exch truncate exch idtransform pop setlinewidth
newpath 59.7757 0 moveto
59.7757 179.32709 lineto stroke
 0 0.49814 dtransform truncate idtransform setlinewidth pop
newpath 58.2813 176.3383 moveto
59.22205 177.04385 59.7757 178.15115 59.7757 179.32709 curveto
59.7757 178.15115 60.32935 177.04385 61.2701 176.3383 curveto stroke
newpath 61.2701 2.98878 moveto
60.32935 2.28323 59.7757 1.17593 59.7757 0 curveto
59.7757 1.17593 59.22205 2.28323 58.2813 2.98878 curveto stroke
newpath 39.85046 81.14551 moveto
39.46732 81.14551 39.09991 80.99329 38.82901 80.72238 curveto
38.5581 80.45148 38.40588 80.08408 38.40588 79.70093 curveto
38.40588 79.31778 38.5581 78.95038 38.82901 78.67947 curveto
39.09991 78.40857 39.46732 78.25635 39.85046 78.25635 curveto
40.23361 78.25635 40.60101 78.40857 40.87192 78.67947 curveto
41.14282 78.95038 41.29504 79.31778 41.29504 79.70093 curveto
41.29504 80.08408 41.14282 80.45148 40.87192 80.72238 curveto
40.60101 80.99329 40.23361 81.14551 39.85046 81.14551 curveto closepath fill
newpath 99.62616 81.14551 moveto
99.24301 81.14551 98.87561 80.99329 98.6047 80.72238 curveto
98.3338 80.45148 98.18158 80.08408 98.18158 79.70093 curveto
98.18158 79.31778 98.3338 78.95038 98.6047 78.67947 curveto
98.87561 78.40857 99.24301 78.25635 99.62616 78.25635 curveto
100.00931 78.25635 100.37671 78.40857 100.64761 78.67947 curveto
100.91852 78.95038 101.07074 79.31778 101.07074 79.70093 curveto
101.07074 80.08408 100.91852 80.45148 100.64761 80.72238 curveto
100.37671 80.99329 100.00931 81.14551 99.62616 81.14551 curveto closepath fill
 0 1.99252 dtransform truncate idtransform setlinewidth pop
newpath 39.85046 79.70093 moveto
40.17685 81.66074 40.50885 83.61963 40.84648 85.57747 curveto
41.17317 87.47252 41.50533 89.3668 41.84341 91.25987 curveto
42.16965 93.08698 42.5015 94.91301 42.83943 96.73798 curveto
43.16551 98.4988 43.49721 100.2584 43.83545 102.01694 curveto
44.16138 103.71132 44.49307 105.40465 44.83147 107.0966 curveto
45.1574 108.72623 45.4894 110.35464 45.8284 111.98154 curveto
46.15372 113.54335 46.48557 115.10382 46.82442 116.66275 curveto
47.14958 118.15831 47.48128 119.65233 47.82043 121.14484 curveto
48.1453 122.57411 48.477 124.00186 48.81645 125.42778 curveto
49.14131 126.79213 49.47333 128.15466 49.81339 129.51523 curveto
50.13763 130.81209 50.4692 132.10696 50.8094 133.39972 curveto
51.1332 134.63031 51.4649 135.85892 51.80542 137.08493 curveto
52.1289 138.24939 52.46046 139.41156 52.80144 140.571 curveto
53.12479 141.6704 53.45663 142.7672 53.79837 143.86096 curveto
54.12096 144.89316 54.45235 145.92262 54.79439 146.9486 curveto
55.11652 147.91481 55.44775 148.87784 55.7904 149.83707 curveto
56.11223 150.73824 56.44392 151.63559 56.78734 152.52869 curveto
57.10825 153.36311 57.4395 154.19359 57.78336 155.01874 curveto
58.10365 155.78734 58.43475 156.55153 58.77937 157.30965 curveto
59.0989 158.01273 59.43001 158.71048 59.77539 159.40125 curveto
60.09464 160.03941 60.42572 160.67166 60.77232 161.29538 curveto
61.09035 161.86789 61.42128 162.43324 61.76834 162.98856 curveto
62.0856 163.49629 62.4164 163.99536 62.76436 164.48259 curveto
63.08101 164.92587 63.41165 165.35896 63.76038 165.77747 curveto
64.07672 166.15721 64.40782 166.52463 64.75731 166.87411 curveto
65.07335 167.19032 65.4043 167.49132 65.75333 167.77057 curveto
66.07013 168.02399 66.40138 168.259 66.74934 168.46773 curveto
67.06813 168.65895 67.40013 168.8277 67.74536 168.96573 curveto
68.0681 169.09479 68.40132 169.19664 68.7423 169.2649 curveto
69.07034 169.33057 69.40387 169.36447 69.73831 169.36447 curveto
70.07275 169.36447 70.40628 169.33057 70.73433 169.2649 curveto
71.0753 169.19664 71.40852 169.09479 71.73126 168.96573 curveto
72.07649 168.8277 72.4085 168.65895 72.72728 168.46773 curveto
73.07524 168.259 73.4065 168.02399 73.7233 167.77057 curveto
74.07233 167.49132 74.40327 167.19032 74.71931 166.87411 curveto
75.0688 166.52463 75.3999 166.15721 75.71625 165.77747 curveto
76.06497 165.35896 76.39561 164.92587 76.71227 164.48259 curveto
77.06023 163.99536 77.39102 163.49629 77.70828 162.98856 curveto
78.05534 162.43324 78.38628 161.86789 78.7043 161.29538 curveto
79.0509 160.67166 79.38199 160.03941 79.70123 159.40125 curveto
80.04662 158.71048 80.37772 158.01273 80.69725 157.30965 curveto
81.04187 156.55153 81.37297 155.78734 81.69327 155.01874 curveto
82.03712 154.19359 82.36838 153.36311 82.68929 152.52869 curveto
83.0327 151.63559 83.3644 150.73824 83.68622 149.83707 curveto
84.02887 148.87784 84.3601 147.91481 84.68224 146.9486 curveto
85.02428 145.92262 85.35567 144.89316 85.67825 143.86096 curveto
86.01999 142.7672 86.35184 141.6704 86.67519 140.571 curveto
87.01616 139.41156 87.34772 138.24939 87.6712 137.08493 curveto
88.01172 135.85892 88.34343 134.63031 88.66722 133.39972 curveto
89.00743 132.10696 89.33899 130.81209 89.66324 129.51523 curveto
90.0033 128.15466 90.33531 126.79213 90.66017 125.42778 curveto
90.99962 124.00186 91.33133 122.57411 91.65619 121.14484 curveto
91.99535 119.65233 92.32704 118.15831 92.6522 116.66275 curveto
92.99106 115.10382 93.3229 113.54335 93.64822 111.98154 curveto
93.98723 110.35464 94.31923 108.72623 94.64516 107.0966 curveto
94.98355 105.40465 95.31525 103.71132 95.64117 102.01694 curveto
95.97942 100.2584 96.31111 98.4988 96.63719 96.73798 curveto
96.97513 94.91301 97.30698 93.08698 97.63321 91.25987 curveto
97.9713 89.3668 98.30345 87.47252 98.63014 85.57747 curveto
98.96777 83.61963 99.29977 81.66074 99.62616 79.70093 curveto stroke
showpage
%%EOF
