%!PS
%%BoundingBox: -1 -1 75 221 
%%HiResBoundingBox: -0.24907 -0.24907 74.96869 220.64809 
%%Creator: MetaPost 1.902
%%CreationDate: 2016.04.02:1321
%%Pages: 1
%%BeginProlog
%%EndProlog
%%Page: 1 1
 0 0 0 setrgbcolor 0 0.49814 dtransform truncate idtransform setlinewidth pop
 [] 0 setdash 1 setlinecap 1 setlinejoin 10 setmiterlimit
newpath 5.08089 220.39902 moveto
5.99892 206.0785 6.97395 191.75847 8.00645 177.43887 curveto
8.92448 164.70514 9.89223 151.97185 10.93294 139.23917 curveto
11.84323 128.10071 12.80823 116.96284 13.85852 105.82573 curveto
14.75877 96.27827 15.72012 86.73128 16.78409 77.18565 curveto
17.67065 69.22859 18.62654 61.27246 19.71013 53.31815 curveto
20.57755 46.95013 21.52202 40.58319 22.63661 34.21944 curveto
23.47302 29.44304 24.39333 24.66803 25.5622 19.89938 curveto
26.34387 16.71068 27.19258 13.52286 28.48776 10.35269 curveto
29.14813 8.73705 29.56041 7.09131 31.41335 5.57935 curveto
31.9492 5.14198 33.80489 5.14154 34.33983 5.57782 curveto
36.19368 7.08965 36.60504 8.73538 37.26541 10.35117 curveto
38.5606 13.52135 39.4093 16.70915 40.19098 19.89787 curveto
41.35985 24.6665 42.28015 29.44153 43.11656 34.21791 curveto
44.23116 40.58197 45.17563 46.94907 46.04305 53.31738 curveto
47.12663 61.27246 48.08206 69.22935 48.96909 77.18716 curveto
50.03305 86.7328 50.9944 96.2798 51.89465 105.82726 curveto
52.94495 116.96436 53.90996 128.10222 54.82024 139.24069 curveto
55.86049 151.9723 56.82869 164.70468 57.74672 177.43736 curveto
58.77922 191.75694 59.75426 206.077 60.6723 220.39749 curveto stroke
newpath 58.98973 217.51042 moveto
59.9737 218.15434 60.59706 219.22397 60.6723 220.39749 curveto
60.59706 219.22397 61.07874 218.08351 61.97243 217.3192 curveto stroke
newpath 3.78076 217.32072 moveto
4.67445 218.08504 5.15613 219.2255 5.08089 220.39902 curveto
5.15613 219.2255 5.7795 218.15587 6.76346 217.51195 curveto stroke
newpath 0 204.23363 moveto
74.71962 204.23363 lineto stroke
newpath 69.73831 206.72429 moveto
70.91425 205.15637 72.75974 204.23363 74.71962 204.23363 curveto
72.75974 204.23363 70.91425 203.31088 69.73831 201.74297 curveto stroke
 0.49814 0 dtransform exch truncate exch idtransform pop setlinewidth
newpath 14.94392 0 moveto
14.94392 219.17755 lineto stroke
 0 0.49814 dtransform truncate idtransform setlinewidth pop
newpath 12.45326 214.19624 moveto
14.02118 215.37218 14.94392 217.21767 14.94392 219.17755 curveto
14.94392 217.21767 15.86667 215.37218 17.43459 214.19624 curveto stroke
newpath 60.37358 206.23363 moveto
59.84312 206.23363 59.33446 206.02287 58.9594 205.64781 curveto
58.58434 205.27275 58.37358 204.76408 58.37358 204.23363 curveto
58.37358 203.70317 58.58434 203.1945 58.9594 202.81944 curveto
59.33446 202.44438 59.84312 202.23363 60.37358 202.23363 curveto
60.90404 202.23363 61.4127 202.44438 61.78777 202.81944 curveto
62.16283 203.1945 62.37358 203.70317 62.37358 204.23363 curveto
62.37358 204.76408 62.16283 205.27275 61.78777 205.64781 curveto
61.4127 206.02287 60.90404 206.23363 60.37358 206.23363 curveto closepath fill
newpath 5.97748 206.23363 moveto
5.44702 206.23363 4.93835 206.02287 4.5633 205.64781 curveto
4.18823 205.27275 3.97748 204.76408 3.97748 204.23363 curveto
3.97748 203.70317 4.18823 203.1945 4.5633 202.81944 curveto
4.93835 202.44438 5.44702 202.23363 5.97748 202.23363 curveto
6.50793 202.23363 7.0166 202.44438 7.39166 202.81944 curveto
7.76672 203.1945 7.97748 203.70317 7.97748 204.23363 curveto
7.97748 204.76408 7.76672 205.27275 7.39166 205.64781 curveto
7.0166 206.02287 6.50793 206.23363 5.97748 206.23363 curveto closepath fill
showpage
%%EOF
