%!PS
%%BoundingBox: -1 -1 110 290 
%%HiResBoundingBox: -0.24907 -0.24907 109.83784 289.16493 
%%Creator: MetaPost 1.902
%%CreationDate: 2016.04.02:1321
%%Pages: 1
%%BeginProlog
%%EndProlog
%%Page: 1 1
 0 0 0 setrgbcolor 0 0.49814 dtransform truncate idtransform setlinewidth pop
 [] 0 setdash 1 setlinecap 1 setlinejoin 10 setmiterlimit
newpath 7.96997 5.37868 moveto
8.61757 13.54718 9.28157 21.71448 9.962 29.88055 curveto
10.60991 37.65594 11.27362 45.42981 11.95526 53.20216 curveto
12.60194 60.5741 13.26505 67.9445 13.9473 75.3134 curveto
14.59337 82.29161 15.25677 89.26799 15.94055 96.24255 curveto
16.5851 102.81822 17.2479 109.39236 17.93259 115.96408 curveto
18.57623 122.14238 19.23903 128.31885 19.92493 134.49258 curveto
20.56735 140.27533 21.23045 146.05594 21.91818 151.83351 curveto
22.55878 157.21494 23.22098 162.59422 23.91022 167.96956 curveto
24.549 172.953 25.21118 177.9334 25.90225 182.90984 curveto
26.5395 187.49834 27.2014 192.08318 27.89551 196.66347 curveto
28.53003 200.85124 29.1913 205.03506 29.88754 209.2131 curveto
30.51964 213.00595 31.1806 216.79361 31.8808 220.5743 curveto
32.50923 223.96793 33.16899 227.35548 33.87283 230.73422 curveto
34.49702 233.73079 35.15585 236.72037 35.86487 239.6984 curveto
36.4845 242.30093 37.14212 244.89465 37.85812 247.47226 curveto
38.47105 249.67894 39.12625 251.87376 39.85046 254.0467 curveto
40.45518 255.86119 41.10674 257.65985 41.8425 259.42538 curveto
42.4372 260.85283 43.0848 262.25899 43.83575 263.61104 curveto
44.41829 264.65965 45.0595 265.67726 45.82779 266.59909 curveto
46.40393 267.29047 47.0488 267.92986 47.82104 268.3932 curveto
48.42638 268.75653 49.10681 268.99063 49.81308 268.99063 curveto
50.51935 268.99063 51.19978 268.75653 51.80511 268.3932 curveto
52.57736 267.92986 53.22223 267.29047 53.79837 266.59909 curveto
54.56667 265.67726 55.20787 264.65965 55.7904 263.61104 curveto
56.54137 262.25899 57.18896 260.85283 57.78366 259.42538 curveto
58.51942 257.65985 59.17097 255.86119 59.7757 254.0467 curveto
60.49991 251.87376 61.1551 249.67894 61.76804 247.47226 curveto
62.48404 244.89465 63.14166 242.30093 63.76129 239.6984 curveto
64.4703 236.72037 65.12914 233.73079 65.75333 230.73422 curveto
66.45717 227.35548 67.11693 223.96793 67.74536 220.5743 curveto
68.44556 216.79361 69.10652 213.00595 69.73862 209.2131 curveto
70.43486 205.03506 71.09613 200.85124 71.73065 196.66347 curveto
72.42476 192.08318 73.08665 187.49834 73.7239 182.90984 curveto
74.41498 177.9334 75.07716 172.953 75.71594 167.96956 curveto
76.40518 162.59422 77.06738 157.21494 77.70798 151.83351 curveto
78.3957 146.05594 79.0588 140.27533 79.70123 134.49258 curveto
80.38713 128.31885 81.04993 122.14238 81.69357 115.96408 curveto
82.37827 109.39236 83.04106 102.81822 83.68561 96.24255 curveto
84.36938 89.26799 85.03279 82.29161 85.67886 75.3134 curveto
86.36111 67.9445 87.02422 60.5741 87.6709 53.20216 curveto
88.35254 45.42981 89.01625 37.65594 89.66415 29.88055 curveto
90.34459 21.71448 91.00859 13.54718 91.65619 5.37868 curveto stroke
newpath 92.90973 8.4762 moveto
92.02768 7.69852 91.56326 6.55093 91.65619 5.37868 curveto
91.56326 6.55093 90.92383 7.61102 89.93027 8.24002 curveto stroke
newpath 9.69589 8.24002 moveto
8.70233 7.61102 8.0629 6.55093 7.96997 5.37868 curveto
8.0629 6.55093 7.59848 7.69852 6.71643 8.4762 curveto stroke
newpath 0 209.21494 moveto
109.58878 209.21494 lineto stroke
newpath 104.60747 211.7056 moveto
105.7834 210.13768 107.62889 209.21494 109.58878 209.21494 curveto
107.62889 209.21494 105.7834 208.29219 104.60747 206.72427 curveto stroke
 0.49814 0 dtransform exch truncate exch idtransform pop setlinewidth
newpath 9.96262 0 moveto
9.96262 288.91586 lineto stroke
 0 0.49814 dtransform truncate idtransform setlinewidth pop
newpath 7.47195 283.93456 moveto
9.03987 285.11049 9.96262 286.95598 9.96262 288.91586 curveto
9.96262 286.95598 10.88536 285.11049 12.45328 283.93456 curveto stroke
 0.49814 0 dtransform exch truncate exch idtransform pop setlinewidth
newpath 29.88785 207.22241 moveto
29.88785 211.20746 lineto stroke
newpath 49.81308 207.22241 moveto
49.81308 211.20746 lineto stroke
newpath 69.73831 207.22241 moveto
69.73831 211.20746 lineto stroke
newpath 89.66354 207.22241 moveto
89.66354 211.20746 lineto stroke
 0 0.49814 dtransform truncate idtransform setlinewidth pop
newpath 11.95514 29.88785 moveto
7.9701 29.88785 lineto stroke
newpath 11.95514 49.81308 moveto
7.9701 49.81308 lineto stroke
newpath 11.95514 69.73831 moveto
7.9701 69.73831 lineto stroke
newpath 11.95514 89.66354 moveto
7.9701 89.66354 lineto stroke
newpath 11.95514 109.58878 moveto
7.9701 109.58878 lineto stroke
newpath 11.95514 129.514 moveto
7.9701 129.514 lineto stroke
newpath 11.95514 149.43924 moveto
7.9701 149.43924 lineto stroke
newpath 11.95514 169.36447 moveto
7.9701 169.36447 lineto stroke
newpath 11.95514 189.2897 moveto
7.9701 189.2897 lineto stroke
newpath 11.95514 229.14017 moveto
7.9701 229.14017 lineto stroke
newpath 11.95514 249.0654 moveto
7.9701 249.0654 lineto stroke
newpath 11.95514 268.99063 moveto
7.9701 268.99063 lineto stroke
newpath 9.96262 31.88785 moveto
9.43216 31.88785 8.9235 31.6771 8.54843 31.30203 curveto
8.17337 30.92697 7.96262 30.4183 7.96262 29.88785 curveto
7.96262 29.35739 8.17337 28.84872 8.54843 28.47366 curveto
8.9235 28.0986 9.43216 27.88785 9.96262 27.88785 curveto
10.49307 27.88785 11.00174 28.0986 11.3768 28.47366 curveto
11.75186 28.84872 11.96262 29.35739 11.96262 29.88785 curveto
11.96262 30.4183 11.75186 30.92697 11.3768 31.30203 curveto
11.00174 31.6771 10.49307 31.88785 9.96262 31.88785 curveto closepath fill
newpath 29.88785 211.21494 moveto
29.35739 211.21494 28.84872 211.00418 28.47366 210.62912 curveto
28.0986 210.25406 27.88785 209.74539 27.88785 209.21494 curveto
27.88785 208.68448 28.0986 208.17581 28.47366 207.80075 curveto
28.84872 207.42569 29.35739 207.21494 29.88785 207.21494 curveto
30.4183 207.21494 30.92697 207.42569 31.30203 207.80075 curveto
31.6771 208.17581 31.88785 208.68448 31.88785 209.21494 curveto
31.88785 209.74539 31.6771 210.25406 31.30203 210.62912 curveto
30.92697 211.00418 30.4183 211.21494 29.88785 211.21494 curveto closepath fill
newpath 49.81308 270.99063 moveto
49.28262 270.99063 48.77396 270.77988 48.3989 270.40482 curveto
48.02383 270.02975 47.81308 269.52109 47.81308 268.99063 curveto
47.81308 268.46017 48.02383 267.9515 48.3989 267.57645 curveto
48.77396 267.20139 49.28262 266.99063 49.81308 266.99063 curveto
50.34354 266.99063 50.8522 267.20139 51.22726 267.57645 curveto
51.60233 267.9515 51.81308 268.46017 51.81308 268.99063 curveto
51.81308 269.52109 51.60233 270.02975 51.22726 270.40482 curveto
50.8522 270.77988 50.34354 270.99063 49.81308 270.99063 curveto closepath fill
newpath 69.73831 211.21494 moveto
69.20786 211.21494 68.69919 211.00418 68.32413 210.62912 curveto
67.94907 210.25406 67.73831 209.74539 67.73831 209.21494 curveto
67.73831 208.68448 67.94907 208.17581 68.32413 207.80075 curveto
68.69919 207.42569 69.20786 207.21494 69.73831 207.21494 curveto
70.26877 207.21494 70.77744 207.42569 71.1525 207.80075 curveto
71.52756 208.17581 71.73831 208.68448 71.73831 209.21494 curveto
71.73831 209.74539 71.52756 210.25406 71.1525 210.62912 curveto
70.77744 211.00418 70.26877 211.21494 69.73831 211.21494 curveto closepath fill
showpage
%%EOF
