%!PS
%%BoundingBox: -1 -1 150 120 
%%HiResBoundingBox: -0.24907 -0.24907 149.68831 119.80046 
%%Creator: MetaPost 1.902
%%CreationDate: 2016.10.22:1526
%%Pages: 1
%%BeginProlog
%%EndProlog
%%Page: 1 1
 0 0 0 setrgbcolor 0 0.49814 dtransform truncate idtransform setlinewidth pop
 [] 0 setdash 1 setlinecap 1 setlinejoin 10 setmiterlimit
newpath 14.94392 44.83177 moveto
15.42963 46.77707 15.92763 48.71939 16.43796 50.65852 curveto
16.9241 52.50554 17.42166 54.34958 17.93289 56.18976 curveto
18.41814 57.93643 18.91545 59.6797 19.42693 61.41885 curveto
19.9117 63.06726 20.40926 64.71223 20.92186 66.3522 curveto
21.40573 67.9005 21.90283 69.44469 22.41588 70.98364 curveto
22.89908 72.43297 23.39616 73.87752 23.90991 75.31636 curveto
24.39241 76.66765 24.88974 78.01346 25.40485 79.35266 curveto
25.88622 80.6043 26.38309 81.85 26.89888 83.08772 curveto
27.37956 84.2413 27.87666 85.38828 28.39381 86.52614 curveto
28.87314 87.58075 29.36977 88.6274 29.88785 89.66354 curveto
30.36624 90.61989 30.86243 91.56734 31.38188 92.50224 curveto
31.85936 93.36145 32.35577 94.20993 32.87682 95.0436 curveto
33.3527 95.8052 33.84889 96.55382 34.37085 97.28464 curveto
34.84605 97.95001 35.34247 98.59988 35.86578 99.2281 curveto
36.33984 99.79703 36.83603 100.34772 37.3598 100.87149 curveto
37.83388 101.34555 38.33029 101.79727 38.85384 102.21616 curveto
39.32927 102.59651 39.8266 102.94926 40.34877 103.26257 curveto
40.82695 103.54942 41.32495 103.80254 41.8428 104.00958 curveto
42.3269 104.20317 42.8265 104.35596 43.33774 104.45811 curveto
43.82982 104.55663 44.33011 104.60747 44.83177 104.60747 curveto
45.33344 104.60747 45.83372 104.55663 46.3258 104.45811 curveto
46.83704 104.35596 47.33664 104.20317 47.82074 104.00958 curveto
48.3386 103.80254 48.8366 103.54942 49.31477 103.26257 curveto
49.83694 102.94926 50.33427 102.59651 50.80971 102.21616 curveto
51.33325 101.79727 51.82967 101.34555 52.30373 100.87149 curveto
52.82751 100.34772 53.3237 99.79703 53.79776 99.2281 curveto
54.32108 98.59988 54.81749 97.95001 55.2927 97.28464 curveto
55.81465 96.55382 56.31084 95.8052 56.78673 95.0436 curveto
57.30777 94.20993 57.80418 93.36145 58.28166 92.50224 curveto
58.80112 91.56734 59.2973 90.61989 59.7757 89.66354 curveto
60.29378 88.6274 60.7904 87.58075 61.26973 86.52614 curveto
61.78688 85.38828 62.28398 84.2413 62.76466 83.08772 curveto
63.28046 81.85 63.77733 80.6043 64.2587 79.35266 curveto
64.7738 78.01346 65.27113 76.66765 65.75363 75.31636 curveto
66.26738 73.87752 66.76447 72.43297 67.24765 70.98364 curveto
67.76071 69.44469 68.25781 67.9005 68.74168 66.3522 curveto
69.25429 64.71223 69.75185 63.06726 70.23662 61.41885 curveto
70.7481 59.6797 71.2454 57.93643 71.73065 56.18976 curveto
72.24188 54.34958 72.73944 52.50554 73.22559 50.65852 curveto
73.73592 48.71939 74.23392 46.77707 74.71962 44.83177 curveto stroke
newpath 74.71962 14.94392 moveto
76.21365 15.31743 lineto
77.70859 15.69116 lineto
79.20262 16.06467 lineto
80.69756 16.4384 lineto
82.19157 16.81192 lineto
83.68561 17.18542 lineto
85.18054 17.55916 lineto
86.67458 17.93266 lineto
88.16951 18.3064 lineto
89.66354 18.6799 lineto
91.15758 19.0534 lineto
92.65251 19.42714 lineto
94.14655 19.80066 lineto
95.64148 20.1744 lineto
97.13551 20.5479 lineto
98.62953 20.9214 lineto
100.12447 21.29514 lineto
101.6185 21.66864 lineto
103.11343 22.04237 lineto
104.60747 22.41588 lineto
106.1015 22.7894 lineto
107.59644 23.16313 lineto
109.09047 23.53664 lineto
110.5854 23.91037 lineto
112.07944 24.28387 lineto
113.57346 24.65738 lineto
115.06839 25.03111 lineto
116.56242 25.40463 lineto
118.05736 25.77837 lineto
119.55139 26.15187 lineto
121.04543 26.52538 lineto
122.54036 26.89911 lineto
124.0344 27.27261 lineto
125.52933 27.64635 lineto
127.02336 28.01985 lineto
128.51738 28.39337 lineto
130.01231 28.7671 lineto
131.50635 29.14061 lineto
133.00128 29.51434 lineto
134.49532 29.88785 lineto stroke
newpath 14.94392 46.32617 moveto
14.54756 46.32617 14.1675 46.16869 13.88725 45.88844 curveto
13.60701 45.6082 13.44952 45.22813 13.44952 44.83177 curveto
13.44952 44.43541 13.60701 44.05534 13.88725 43.7751 curveto
14.1675 43.49486 14.54756 43.33737 14.94392 43.33737 curveto
15.34029 43.33737 15.72035 43.49486 16.0006 43.7751 curveto
16.28084 44.05534 16.43832 44.43541 16.43832 44.83177 curveto
16.43832 45.22813 16.28084 45.6082 16.0006 45.88844 curveto
15.72035 46.16869 15.34029 46.32617 14.94392 46.32617 curveto closepath fill
newpath 74.71962 46.32617 moveto
74.32326 46.32617 73.94319 46.16869 73.66295 45.88844 curveto
73.3827 45.6082 73.22522 45.22813 73.22522 44.83177 curveto
73.22522 44.43541 73.3827 44.05534 73.66295 43.7751 curveto
73.94319 43.49486 74.32326 43.33737 74.71962 43.33737 curveto
75.11598 43.33737 75.49605 43.49486 75.77629 43.7751 curveto
76.05653 44.05534 76.21402 44.43541 76.21402 44.83177 curveto
76.21402 45.22813 76.05653 45.6082 75.77629 45.88844 curveto
75.49605 46.16869 75.11598 46.32617 74.71962 46.32617 curveto closepath fill
 1 1 1 setrgbcolor
newpath 46.32625 104.60747 moveto
46.32625 105.00378 46.16869 105.3839 45.88844 105.66414 curveto
45.6082 105.94438 45.22809 106.10194 44.83177 106.10194 curveto
44.43546 106.10194 44.05534 105.94438 43.7751 105.66414 curveto
43.49486 105.3839 43.3373 105.00378 43.3373 104.60747 curveto
43.3373 104.21115 43.49486 103.83104 43.7751 103.5508 curveto
44.05534 103.27055 44.43546 103.11299 44.83177 103.11299 curveto
45.22809 103.11299 45.6082 103.27055 45.88844 103.5508 curveto
46.16869 103.83104 46.32625 104.21115 46.32625 104.60747 curveto closepath fill
 0 0 0 setrgbcolor
newpath 46.32625 104.60747 moveto
46.32625 105.00378 46.16869 105.3839 45.88844 105.66414 curveto
45.6082 105.94438 45.22809 106.10194 44.83177 106.10194 curveto
44.43546 106.10194 44.05534 105.94438 43.7751 105.66414 curveto
43.49486 105.3839 43.3373 105.00378 43.3373 104.60747 curveto
43.3373 104.21115 43.49486 103.83104 43.7751 103.5508 curveto
44.05534 103.27055 44.43546 103.11299 44.83177 103.11299 curveto
45.22809 103.11299 45.6082 103.27055 45.88844 103.5508 curveto
46.16869 103.83104 46.32625 104.21115 46.32625 104.60747 curveto closepath stroke
 1 1 1 setrgbcolor
newpath 76.2141 14.94392 moveto
76.2141 15.34024 76.05653 15.72035 75.77629 16.0006 curveto
75.49605 16.28084 75.11594 16.4384 74.71962 16.4384 curveto
74.3233 16.4384 73.94319 16.28084 73.66295 16.0006 curveto
73.3827 15.72035 73.22514 15.34024 73.22514 14.94392 curveto
73.22514 14.5476 73.3827 14.1675 73.66295 13.88725 curveto
73.94319 13.60701 74.3233 13.44945 74.71962 13.44945 curveto
75.11594 13.44945 75.49605 13.60701 75.77629 13.88725 curveto
76.05653 14.1675 76.2141 14.5476 76.2141 14.94392 curveto closepath fill
 0 0 0 setrgbcolor
newpath 76.2141 14.94392 moveto
76.2141 15.34024 76.05653 15.72035 75.77629 16.0006 curveto
75.49605 16.28084 75.11594 16.4384 74.71962 16.4384 curveto
74.3233 16.4384 73.94319 16.28084 73.66295 16.0006 curveto
73.3827 15.72035 73.22514 15.34024 73.22514 14.94392 curveto
73.22514 14.5476 73.3827 14.1675 73.66295 13.88725 curveto
73.94319 13.60701 74.3233 13.44945 74.71962 13.44945 curveto
75.11594 13.44945 75.49605 13.60701 75.77629 13.88725 curveto
76.05653 14.1675 76.2141 14.5476 76.2141 14.94392 curveto closepath stroke
 1 1 1 setrgbcolor
newpath 135.98979 29.88785 moveto
135.98979 30.28416 135.83223 30.66428 135.55199 30.94452 curveto
135.27174 31.22476 134.89163 31.38232 134.49532 31.38232 curveto
134.099 31.38232 133.71889 31.22476 133.43864 30.94452 curveto
133.1584 30.66428 133.00084 30.28416 133.00084 29.88785 curveto
133.00084 29.49153 133.1584 29.11142 133.43864 28.83118 curveto
133.71889 28.55093 134.099 28.39337 134.49532 28.39337 curveto
134.89163 28.39337 135.27174 28.55093 135.55199 28.83118 curveto
135.83223 29.11142 135.98979 29.49153 135.98979 29.88785 curveto closepath fill
 0 0 0 setrgbcolor
newpath 135.98979 29.88785 moveto
135.98979 30.28416 135.83223 30.66428 135.55199 30.94452 curveto
135.27174 31.22476 134.89163 31.38232 134.49532 31.38232 curveto
134.099 31.38232 133.71889 31.22476 133.43864 30.94452 curveto
133.1584 30.66428 133.00084 30.28416 133.00084 29.88785 curveto
133.00084 29.49153 133.1584 29.11142 133.43864 28.83118 curveto
133.71889 28.55093 134.099 28.39337 134.49532 28.39337 curveto
134.89163 28.39337 135.27174 28.55093 135.55199 28.83118 curveto
135.83223 29.11142 135.98979 29.49153 135.98979 29.88785 curveto closepath stroke
newpath 0 44.83177 moveto
149.43924 44.83177 lineto stroke
newpath 144.45793 47.32243 moveto
145.63387 45.75452 147.47935 44.83177 149.43924 44.83177 curveto
147.47935 44.83177 145.63387 43.90903 144.45793 42.34111 curveto stroke
 0.49814 0 dtransform exch truncate exch idtransform pop setlinewidth
newpath 89.66354 0 moveto
89.66354 119.55139 lineto stroke
 0 0.49814 dtransform truncate idtransform setlinewidth pop
newpath 87.17288 114.57008 moveto
88.7408 115.74602 89.66354 117.5915 89.66354 119.55139 curveto
89.66354 117.5915 90.58629 115.74602 92.1542 114.57008 curveto stroke
 0.49814 0 dtransform exch truncate exch idtransform pop setlinewidth
newpath 14.94392 42.83925 moveto
14.94392 46.8243 lineto stroke
newpath 29.88785 42.83925 moveto
29.88785 46.8243 lineto stroke
newpath 44.83177 42.83925 moveto
44.83177 46.8243 lineto stroke
newpath 59.7757 42.83925 moveto
59.7757 46.8243 lineto stroke
newpath 74.71962 42.83925 moveto
74.71962 46.8243 lineto stroke
newpath 89.66354 42.83925 moveto
89.66354 46.8243 lineto stroke
newpath 104.60747 42.83925 moveto
104.60747 46.8243 lineto stroke
newpath 119.55139 42.83925 moveto
119.55139 46.8243 lineto stroke
newpath 134.49532 42.83925 moveto
134.49532 46.8243 lineto stroke
 0 0.49814 dtransform truncate idtransform setlinewidth pop
newpath 91.65607 14.94392 moveto
87.67102 14.94392 lineto stroke
newpath 91.65607 29.88785 moveto
87.67102 29.88785 lineto stroke
newpath 91.65607 44.83177 moveto
87.67102 44.83177 lineto stroke
newpath 91.65607 59.7757 moveto
87.67102 59.7757 lineto stroke
newpath 91.65607 74.71962 moveto
87.67102 74.71962 lineto stroke
newpath 91.65607 89.66354 moveto
87.67102 89.66354 lineto stroke
newpath 91.65607 104.60747 moveto
87.67102 104.60747 lineto stroke
showpage
%%EOF
