%!PS
%%BoundingBox: -1 -6 120 140 
%%HiResBoundingBox: -0.24907 -5.23038 119.80046 139.7257 
%%Creator: MetaPost 1.902
%%CreationDate: 2016.10.22:1526
%%Pages: 1
%%BeginProlog
%%EndProlog
%%Page: 1 1
 0 0 0 setrgbcolor 0 0.49814 dtransform truncate idtransform setlinewidth pop
 [] 0 setdash 1 setlinecap 1 setlinejoin 10 setmiterlimit
newpath 9.96262 -4.98131 moveto
10.61325 -1.7248 11.27727 1.52869 11.95465 4.77974 curveto
12.6059 7.90521 13.2696 11.02826 13.9479 14.14796 curveto
14.59824 17.13905 15.26164 20.1271 15.93994 23.11212 curveto
16.58997 25.97218 17.25368 28.82889 17.93289 31.68196 curveto
18.582 34.40793 19.2454 37.13057 19.92493 39.84924 curveto
20.57375 42.44449 21.23744 45.03578 21.91818 47.62282 curveto
22.56578 50.08397 23.22917 52.54149 23.91022 54.99353 curveto
24.55751 57.32335 25.22092 59.64891 25.90317 61.9687 curveto
26.54924 64.16534 27.21234 66.35713 27.8952 68.54254 curveto
28.54066 70.60815 29.20407 72.66829 29.88846 74.72145 curveto
30.5327 76.65388 31.1955 78.57996 31.8805 80.49841 curveto
32.52353 82.2989 33.18633 84.0924 33.87253 85.87679 curveto
34.51465 87.54655 35.17744 89.2081 35.86548 90.85931 curveto
36.50607 92.39651 37.16827 93.92459 37.85751 95.44081 curveto
38.49721 96.84789 39.1594 98.24432 39.85077 99.62677 curveto
40.48863 100.90219 41.1502 102.16516 41.8428 103.4117 curveto
42.47916 104.5573 43.14134 105.68831 43.83575 106.79956 curveto
44.47028 107.81503 45.13185 108.81319 45.82779 109.78761 curveto
46.4614 110.67479 47.12328 111.54129 47.82104 112.3789 curveto
48.45313 113.13747 49.11472 113.87172 49.81308 114.57008 curveto
50.44547 115.20247 51.10767 115.80476 51.80603 116.36359 curveto
52.43964 116.87071 53.10213 117.34076 53.79807 117.7582 curveto
54.43593 118.14098 55.10056 118.47815 55.79132 118.75452 curveto
56.43617 119.01234 57.10202 119.21603 57.78336 119.35225 curveto
58.43947 119.4836 59.10652 119.55139 59.77539 119.55139 curveto
60.44458 119.55139 61.11192 119.4836 61.76834 119.35225 curveto
62.44968 119.21603 63.11552 119.01263 63.76038 118.75452 curveto
64.45114 118.47815 65.11546 118.14067 65.75363 117.75789 curveto
66.44957 117.34045 67.11206 116.87071 67.74567 116.36359 curveto
68.44403 115.80476 69.10622 115.20218 69.73862 114.56978 curveto
70.43698 113.87141 71.09856 113.13716 71.73065 112.3786 curveto
72.4284 111.54099 73.0903 110.67448 73.7239 109.78731 curveto
74.41985 108.81288 75.08142 107.81473 75.71594 106.79926 curveto
76.41035 105.688 77.07254 104.55669 77.7089 103.41109 curveto
78.40149 102.16455 79.06549 100.9028 79.70093 99.62616 curveto stroke
newpath 12.01363 -2.34323 moveto
10.95288 -2.8508 10.19301 -3.82816 9.96262 -4.98131 curveto
10.19301 -3.82816 9.86703 -2.63385 9.08275 -1.75766 curveto stroke
 1 1 1 setrgbcolor
newpath 81.69357 99.62616 moveto
81.69357 100.15457 81.48349 100.66139 81.10983 101.03506 curveto
80.73616 101.40872 80.22934 101.6188 79.70093 101.6188 curveto
79.17252 101.6188 78.6657 101.40872 78.29202 101.03506 curveto
77.91837 100.66139 77.70828 100.15457 77.70828 99.62616 curveto
77.70828 99.09775 77.91837 98.59093 78.29202 98.21725 curveto
78.6657 97.8436 79.17252 97.63351 79.70093 97.63351 curveto
80.22934 97.63351 80.73616 97.8436 81.10983 98.21725 curveto
81.48349 98.59093 81.69357 99.09775 81.69357 99.62616 curveto closepath fill
 0 0 0 setrgbcolor
newpath 81.69357 99.62616 moveto
81.69357 100.15457 81.48349 100.66139 81.10983 101.03506 curveto
80.73616 101.40872 80.22934 101.6188 79.70093 101.6188 curveto
79.17252 101.6188 78.6657 101.40872 78.29202 101.03506 curveto
77.91837 100.66139 77.70828 100.15457 77.70828 99.62616 curveto
77.70828 99.09775 77.91837 98.59093 78.29202 98.21725 curveto
78.6657 97.8436 79.17252 97.63351 79.70093 97.63351 curveto
80.22934 97.63351 80.73616 97.8436 81.10983 98.21725 curveto
81.48349 98.59093 81.69357 99.09775 81.69357 99.62616 curveto closepath stroke
newpath 0 39.85046 moveto
119.55139 39.85046 lineto stroke
newpath 114.57008 42.34113 moveto
115.74602 40.77321 117.5915 39.85046 119.55139 39.85046 curveto
117.5915 39.85046 115.74602 38.92772 114.57008 37.3598 curveto stroke
 0.49814 0 dtransform exch truncate exch idtransform pop setlinewidth
newpath 59.7757 0 moveto
59.7757 139.47662 lineto stroke
 0 0.49814 dtransform truncate idtransform setlinewidth pop
newpath 57.28503 134.49532 moveto
58.85295 135.67125 59.7757 137.51674 59.7757 139.47662 curveto
59.7757 137.51674 60.69844 135.67125 62.26636 134.49532 curveto stroke
 0.49814 0 dtransform exch truncate exch idtransform pop setlinewidth
newpath 19.92523 37.85794 moveto
19.92523 41.84299 lineto stroke
newpath 39.85046 37.85794 moveto
39.85046 41.84299 lineto stroke
newpath 59.7757 37.85794 moveto
59.7757 41.84299 lineto stroke
newpath 79.70093 37.85794 moveto
79.70093 41.84299 lineto stroke
newpath 99.62616 37.85794 moveto
99.62616 41.84299 lineto stroke
 0 0.49814 dtransform truncate idtransform setlinewidth pop
newpath 61.76822 19.92523 moveto
57.78317 19.92523 lineto stroke
newpath 61.76822 39.85046 moveto
57.78317 39.85046 lineto stroke
newpath 61.76822 59.7757 moveto
57.78317 59.7757 lineto stroke
newpath 61.76822 79.70093 moveto
57.78317 79.70093 lineto stroke
newpath 61.76822 99.62616 moveto
57.78317 99.62616 lineto stroke
newpath 61.76822 119.55139 moveto
57.78317 119.55139 lineto stroke
showpage
%%EOF
