%!PS
%%BoundingBox: -1 -1 105 105 
%%HiResBoundingBox: -0.24907 -0.24907 104.85654 104.85654 
%%Creator: MetaPost 1.902
%%CreationDate: 2016.10.22:1526
%%Pages: 1
%%BeginProlog
%%EndProlog
%%Page: 1 1
 0 0 0 setrgbcolor
newpath 14.94392 16.43832 moveto
14.54756 16.43832 14.1675 16.28084 13.88725 16.0006 curveto
13.60701 15.72035 13.44952 15.34029 13.44952 14.94392 curveto
13.44952 14.54756 13.60701 14.1675 13.88725 13.88725 curveto
14.1675 13.60701 14.54756 13.44952 14.94392 13.44952 curveto
15.34029 13.44952 15.72035 13.60701 16.0006 13.88725 curveto
16.28084 14.1675 16.43832 14.54756 16.43832 14.94392 curveto
16.43832 15.34029 16.28084 15.72035 16.0006 16.0006 curveto
15.72035 16.28084 15.34029 16.43832 14.94392 16.43832 curveto closepath fill
newpath 29.88785 31.38225 moveto
29.49149 31.38225 29.11142 31.22476 28.83118 30.94452 curveto
28.55093 30.66428 28.39345 30.28421 28.39345 29.88785 curveto
28.39345 29.49149 28.55093 29.11142 28.83118 28.83118 curveto
29.11142 28.55093 29.49149 28.39345 29.88785 28.39345 curveto
30.28421 28.39345 30.66428 28.55093 30.94452 28.83118 curveto
31.22476 29.11142 31.38225 29.49149 31.38225 29.88785 curveto
31.38225 30.28421 31.22476 30.66428 30.94452 30.94452 curveto
30.66428 31.22476 30.28421 31.38225 29.88785 31.38225 curveto closepath fill
newpath 29.88785 46.32617 moveto
29.49149 46.32617 29.11142 46.16869 28.83118 45.88844 curveto
28.55093 45.6082 28.39345 45.22813 28.39345 44.83177 curveto
28.39345 44.43541 28.55093 44.05534 28.83118 43.7751 curveto
29.11142 43.49486 29.49149 43.33737 29.88785 43.33737 curveto
30.28421 43.33737 30.66428 43.49486 30.94452 43.7751 curveto
31.22476 44.05534 31.38225 44.43541 31.38225 44.83177 curveto
31.38225 45.22813 31.22476 45.6082 30.94452 45.88844 curveto
30.66428 46.16869 30.28421 46.32617 29.88785 46.32617 curveto closepath fill
newpath 44.83177 46.32617 moveto
44.43541 46.32617 44.05534 46.16869 43.7751 45.88844 curveto
43.49486 45.6082 43.33737 45.22813 43.33737 44.83177 curveto
43.33737 44.43541 43.49486 44.05534 43.7751 43.7751 curveto
44.05534 43.49486 44.43541 43.33737 44.83177 43.33737 curveto
45.22813 43.33737 45.6082 43.49486 45.88844 43.7751 curveto
46.16869 44.05534 46.32617 44.43541 46.32617 44.83177 curveto
46.32617 45.22813 46.16869 45.6082 45.88844 45.88844 curveto
45.6082 46.16869 45.22813 46.32617 44.83177 46.32617 curveto closepath fill
newpath 59.7757 61.2701 moveto
59.37933 61.2701 58.99927 61.11261 58.71902 60.83237 curveto
58.43878 60.55212 58.2813 60.17206 58.2813 59.7757 curveto
58.2813 59.37933 58.43878 58.99927 58.71902 58.71902 curveto
58.99927 58.43878 59.37933 58.2813 59.7757 58.2813 curveto
60.17206 58.2813 60.55212 58.43878 60.83237 58.71902 curveto
61.11261 58.99927 61.2701 59.37933 61.2701 59.7757 curveto
61.2701 60.17206 61.11261 60.55212 60.83237 60.83237 curveto
60.55212 61.11261 60.17206 61.2701 59.7757 61.2701 curveto closepath fill
newpath 74.71962 76.21402 moveto
74.32326 76.21402 73.94319 76.05653 73.66295 75.77629 curveto
73.3827 75.49605 73.22522 75.11598 73.22522 74.71962 curveto
73.22522 74.32326 73.3827 73.94319 73.66295 73.66295 curveto
73.94319 73.3827 74.32326 73.22522 74.71962 73.22522 curveto
75.11598 73.22522 75.49605 73.3827 75.77629 73.66295 curveto
76.05653 73.94319 76.21402 74.32326 76.21402 74.71962 curveto
76.21402 75.11598 76.05653 75.49605 75.77629 75.77629 curveto
75.49605 76.05653 75.11598 76.21402 74.71962 76.21402 curveto closepath fill
newpath 89.66354 91.15794 moveto
89.26718 91.15794 88.88712 91.00046 88.60687 90.72021 curveto
88.32663 90.43997 88.16914 90.0599 88.16914 89.66354 curveto
88.16914 89.26718 88.32663 88.88712 88.60687 88.60687 curveto
88.88712 88.32663 89.26718 88.16914 89.66354 88.16914 curveto
90.0599 88.16914 90.43997 88.32663 90.72021 88.60687 curveto
91.00046 88.88712 91.15794 89.26718 91.15794 89.66354 curveto
91.15794 90.0599 91.00046 90.43997 90.72021 90.72021 curveto
90.43997 91.00046 90.0599 91.15794 89.66354 91.15794 curveto closepath fill
 0 0.49814 dtransform truncate idtransform setlinewidth pop [] 0 setdash
 1 setlinecap 1 setlinejoin 10 setmiterlimit
newpath 0 29.88785 moveto
104.60747 29.88785 lineto stroke
newpath 99.62616 32.37851 moveto
100.8021 30.8106 102.64758 29.88785 104.60747 29.88785 curveto
102.64758 29.88785 100.8021 28.9651 99.62616 27.39719 curveto stroke
 0.49814 0 dtransform exch truncate exch idtransform pop setlinewidth
newpath 74.71962 0 moveto
74.71962 104.60747 lineto stroke
 0 0.49814 dtransform truncate idtransform setlinewidth pop
newpath 72.22896 99.62616 moveto
73.79688 100.8021 74.71962 102.64758 74.71962 104.60747 curveto
74.71962 102.64758 75.64236 100.8021 77.21028 99.62616 curveto stroke
 0.49814 0 dtransform exch truncate exch idtransform pop setlinewidth
newpath 14.94392 27.89532 moveto
14.94392 31.88037 lineto stroke
newpath 29.88785 27.89532 moveto
29.88785 31.88037 lineto stroke
newpath 44.83177 27.89532 moveto
44.83177 31.88037 lineto stroke
newpath 59.7757 27.89532 moveto
59.7757 31.88037 lineto stroke
newpath 89.66354 27.89532 moveto
89.66354 31.88037 lineto stroke
 0 0.49814 dtransform truncate idtransform setlinewidth pop
newpath 76.71214 14.94392 moveto
72.7271 14.94392 lineto stroke
newpath 76.71214 44.83177 moveto
72.7271 44.83177 lineto stroke
newpath 76.71214 59.7757 moveto
72.7271 59.7757 lineto stroke
newpath 76.71214 74.71962 moveto
72.7271 74.71962 lineto stroke
newpath 76.71214 89.66354 moveto
72.7271 89.66354 lineto stroke
showpage
%%EOF
