%!PS
%%BoundingBox: -1 -1 130 143 
%%HiResBoundingBox: -0.24907 -0.24907 129.76308 142.71448 
%%Creator: MetaPost 1.902
%%CreationDate: 2016.04.02:1321
%%Pages: 1
%%BeginProlog
%%EndProlog
%%Page: 1 1
 0 0 0 setrgbcolor
newpath 45.3299 137.48412 moveto
44.93353 137.48412 44.55347 137.32663 44.27322 137.04639 curveto
43.99298 136.76614 43.8355 136.38608 43.8355 135.98972 curveto
43.8355 135.59335 43.99298 135.21329 44.27322 134.93304 curveto
44.55347 134.6528 44.93353 134.49532 45.3299 134.49532 curveto
45.72626 134.49532 46.10632 134.6528 46.38657 134.93304 curveto
46.66681 135.21329 46.8243 135.59335 46.8243 135.98972 curveto
46.8243 136.38608 46.66681 136.76614 46.38657 137.04639 curveto
46.10632 137.32663 45.72626 137.48412 45.3299 137.48412 curveto closepath fill
newpath 58.2813 79.2028 moveto
57.88493 79.2028 57.50487 79.04532 57.22462 78.76508 curveto
56.94438 78.48483 56.7869 78.10477 56.7869 77.7084 curveto
56.7869 77.31204 56.94438 76.93198 57.22462 76.65173 curveto
57.50487 76.37149 57.88493 76.214 58.2813 76.214 curveto
58.67766 76.214 59.05772 76.37149 59.33797 76.65173 curveto
59.61821 76.93198 59.7757 77.31204 59.7757 77.7084 curveto
59.7757 78.10477 59.61821 78.48483 59.33797 78.76508 curveto
59.05772 79.04532 58.67766 79.2028 58.2813 79.2028 curveto closepath fill
newpath 71.23271 20.9215 moveto
70.83635 20.9215 70.45628 20.764 70.17604 20.48376 curveto
69.8958 20.20352 69.73831 19.82346 69.73831 19.4271 curveto
69.73831 19.03073 69.8958 18.65067 70.17604 18.37042 curveto
70.45628 18.09018 70.83635 17.9327 71.23271 17.9327 curveto
71.62907 17.9327 72.00914 18.09018 72.28938 18.37042 curveto
72.56963 18.65067 72.72711 19.03073 72.72711 19.4271 curveto
72.72711 19.82346 72.56963 20.20352 72.28938 20.48376 curveto
72.00914 20.764 71.62907 20.9215 71.23271 20.9215 curveto closepath fill
newpath 84.18411 79.2028 moveto
83.78775 79.2028 83.40768 79.04532 83.12744 78.76508 curveto
82.8472 78.48483 82.68971 78.10477 82.68971 77.7084 curveto
82.68971 77.31204 82.8472 76.93198 83.12744 76.65173 curveto
83.40768 76.37149 83.78775 76.214 84.18411 76.214 curveto
84.58047 76.214 84.96054 76.37149 85.24078 76.65173 curveto
85.52103 76.93198 85.67851 77.31204 85.67851 77.7084 curveto
85.67851 78.10477 85.52103 78.48483 85.24078 78.76508 curveto
84.96054 79.04532 84.58047 79.2028 84.18411 79.2028 curveto closepath fill
newpath 97.13551 137.48412 moveto
96.73915 137.48412 96.35909 137.32663 96.07884 137.04639 curveto
95.7986 136.76614 95.64111 136.38608 95.64111 135.98972 curveto
95.64111 135.59335 95.7986 135.21329 96.07884 134.93304 curveto
96.35909 134.6528 96.73915 134.49532 97.13551 134.49532 curveto
97.53188 134.49532 97.91194 134.6528 98.19218 134.93304 curveto
98.47243 135.21329 98.62991 135.59335 98.62991 135.98972 curveto
98.62991 136.38608 98.47243 136.76614 98.19218 137.04639 curveto
97.91194 137.32663 97.53188 137.48412 97.13551 137.48412 curveto closepath fill
 0 0.49814 dtransform truncate idtransform setlinewidth pop [] 0 setdash
 1 setlinecap 1 setlinejoin 10 setmiterlimit
newpath 45.3299 135.98972 moveto
45.8287 135.8998 46.28383 135.64743 46.62473 135.27214 curveto
47.18816 134.65161 47.57054 133.89767 47.92033 133.13683 curveto
48.44049 132.00543 48.84343 130.82562 49.21516 129.63753 curveto
49.70824 128.06148 50.12285 126.46251 50.51077 124.85742 curveto
50.98665 122.8881 51.4066 120.90596 51.8056 118.91965 curveto
52.26982 116.60846 52.69273 114.28896 53.10043 111.96709 curveto
53.55634 109.37073 53.98103 106.76921 54.39604 104.16614 curveto
54.84445 101.35316 55.27013 98.53665 55.69087 95.71954 curveto
56.13354 92.7556 56.55981 89.78928 56.98648 86.82297 curveto
57.42342 83.7855 57.8497 80.74666 58.2813 77.7084 curveto
58.7129 74.67015 59.13919 71.6313 59.57613 68.59384 curveto
60.00279 65.62753 60.42906 62.66121 60.87173 59.69727 curveto
61.29248 56.88016 61.71815 54.06364 62.16656 51.25067 curveto
62.58157 48.6476 63.00627 46.04608 63.46217 43.44972 curveto
63.86987 41.12785 64.29279 38.80835 64.757 36.49716 curveto
65.156 34.51085 65.57596 32.5287 66.05183 30.55939 curveto
66.43976 28.9541 66.85437 27.35474 67.34744 25.7785 curveto
67.71898 24.59059 68.12231 23.41118 68.64227 22.27998 curveto
68.99207 21.51894 69.37427 20.76462 69.93788 20.14388 curveto
70.28589 19.76068 70.7177 19.4271 71.23271 19.4271 curveto
71.74771 19.4271 72.17952 19.76068 72.52753 20.14388 curveto
73.09114 20.76462 73.47334 21.51894 73.82314 22.27998 curveto
74.3431 23.41118 74.74643 24.59059 75.11797 25.7785 curveto
75.61104 27.35474 76.02565 28.9541 76.41357 30.55939 curveto
76.88945 32.5287 77.3094 34.51085 77.7084 36.49716 curveto
78.17262 38.80835 78.59554 41.12785 79.00323 43.44972 curveto
79.45914 46.04608 79.88383 48.6476 80.29884 51.25067 curveto
80.74725 54.06364 81.17293 56.88016 81.59367 59.69727 curveto
82.03635 62.66121 82.46262 65.62753 82.88928 68.59384 curveto
83.32622 71.6313 83.7525 74.67015 84.18411 77.7084 curveto
84.6157 80.74666 85.04199 83.7855 85.47893 86.82297 curveto
85.9056 89.78928 86.33186 92.7556 86.77454 95.71954 curveto
87.19528 98.53665 87.62096 101.35316 88.06937 104.16614 curveto
88.48438 106.76921 88.90907 109.37073 89.36497 111.96709 curveto
89.77267 114.28896 90.19559 116.60846 90.6598 118.91965 curveto
91.0588 120.90596 91.47876 122.8881 91.95464 124.85742 curveto
92.34256 126.46251 92.75717 128.06148 93.25024 129.63753 curveto
93.62198 130.82562 94.02492 132.00543 94.54507 133.13683 curveto
94.89487 133.89767 95.27725 134.65161 95.84068 135.27214 curveto
96.18158 135.64743 96.6367 135.8998 97.13551 135.98972 curveto stroke
newpath 0 51.8056 moveto
129.514 51.8056 lineto stroke
newpath 124.5327 54.29626 moveto
125.70863 52.72835 127.55412 51.8056 129.514 51.8056 curveto
127.55412 51.8056 125.70863 50.88286 124.5327 49.31494 curveto stroke
 0.49814 0 dtransform exch truncate exch idtransform pop setlinewidth
newpath 64.757 0 moveto
64.757 142.46541 lineto stroke
 0 0.49814 dtransform truncate idtransform setlinewidth pop
newpath 62.26634 137.4841 moveto
63.83426 138.66003 64.757 140.50552 64.757 142.46541 curveto
64.757 140.50552 65.67975 138.66003 67.24767 137.4841 curveto stroke
 0.49814 0 dtransform exch truncate exch idtransform pop setlinewidth
newpath 12.9514 49.81308 moveto
12.9514 53.79813 lineto stroke
newpath 25.9028 49.81308 moveto
25.9028 53.79813 lineto stroke
newpath 38.8542 49.81308 moveto
38.8542 53.79813 lineto stroke
newpath 51.8056 49.81308 moveto
51.8056 53.79813 lineto stroke
newpath 77.7084 49.81308 moveto
77.7084 53.79813 lineto stroke
newpath 90.6598 49.81308 moveto
90.6598 53.79813 lineto stroke
newpath 103.6112 49.81308 moveto
103.6112 53.79813 lineto stroke
newpath 116.5626 49.81308 moveto
116.5626 53.79813 lineto stroke
 0 0.49814 dtransform truncate idtransform setlinewidth pop
newpath 66.74953 0 moveto
62.76448 0 lineto stroke
newpath 66.74953 12.9514 moveto
62.76448 12.9514 lineto stroke
newpath 66.74953 25.9028 moveto
62.76448 25.9028 lineto stroke
newpath 66.74953 38.8542 moveto
62.76448 38.8542 lineto stroke
newpath 66.74953 64.757 moveto
62.76448 64.757 lineto stroke
newpath 66.74953 77.7084 moveto
62.76448 77.7084 lineto stroke
newpath 66.74953 90.6598 moveto
62.76448 90.6598 lineto stroke
newpath 66.74953 103.6112 moveto
62.76448 103.6112 lineto stroke
newpath 66.74953 116.5626 moveto
62.76448 116.5626 lineto stroke
newpath 66.74953 129.514 moveto
62.76448 129.514 lineto stroke
showpage
%%EOF
