%!PS
%%BoundingBox: -1 -1 112 144 
%%HiResBoundingBox: -0.24907 -0.24907 111.83037 143.71074 
%%Creator: MetaPost 1.902
%%CreationDate: 2016.10.22:1526
%%Pages: 1
%%BeginProlog
%%EndProlog
%%Page: 1 1
 0 0 0 setrgbcolor 0 0.49814 dtransform truncate idtransform setlinewidth pop
 [] 0 setdash 1 setlinecap 1 setlinejoin 10 setmiterlimit
newpath 23.91028 27.89532 moveto
24.43079 30.50053 24.96199 33.10332 25.5039 35.70416 curveto
26.0249 38.20454 26.55586 40.70297 27.09851 43.19875 curveto
27.61877 45.59161 28.14949 47.98206 28.69214 50.37007 curveto
29.21216 52.65811 29.74313 54.94348 30.2865 57.22594 curveto
30.80579 59.40672 31.33652 61.58482 31.88013 63.75977 curveto
32.39917 65.83597 32.93015 67.909 33.47473 69.97862 curveto
33.99281 71.94756 34.52353 73.91356 35.06836 75.8752 curveto
35.5862 77.73904 36.11691 79.5995 36.66272 81.45534 curveto
37.17958 83.21265 37.71005 84.96608 38.25635 86.7144 curveto
38.77272 88.3669 39.30345 90.01501 39.85095 91.65753 curveto
40.36635 93.20348 40.89659 94.74434 41.44458 96.2791 curveto
41.959 97.7195 42.48924 99.1543 43.03821 100.5818 curveto
43.55191 101.9176 44.08214 103.24686 44.63257 104.56783 curveto
45.14505 105.79758 45.6748 107.02005 46.2262 108.23302 curveto
46.73795 109.35869 47.2677 110.47583 47.8208 111.58179 curveto
48.33109 112.60213 48.86035 113.61249 49.41443 114.60973 curveto
49.92351 115.52621 50.45326 116.43102 51.00879 117.32002 curveto
51.5164 118.1324 52.04567 118.93092 52.60242 119.71046 curveto
53.1093 120.4202 53.63881 121.1134 54.19702 121.7835 curveto
54.7027 122.39035 55.23195 122.97774 55.79065 123.53644 curveto
56.29657 124.04236 56.82631 124.52419 57.38501 124.97124 curveto
57.89189 125.37694 58.42189 125.75298 58.97864 126.08693 curveto
59.48894 126.39314 60.02063 126.66289 60.57324 126.88399 curveto
61.08913 127.09024 61.6218 127.2532 62.16687 127.36217 curveto
62.69176 127.46724 63.2254 127.52148 63.7605 127.52148 curveto
64.29584 127.52148 64.82973 127.46724 65.35486 127.36217 curveto
65.89993 127.2532 66.4326 127.09048 66.94849 126.88399 curveto
67.5011 126.66289 68.03255 126.39291 68.54309 126.08669 curveto
69.09984 125.75273 69.62984 125.37694 70.13672 124.97124 curveto
70.69542 124.52419 71.22516 124.04211 71.73108 123.5362 curveto
72.28978 122.9775 72.81903 122.3901 73.3247 121.78325 curveto
73.88292 121.11316 74.41243 120.41995 74.91931 119.71022 curveto
75.47606 118.93068 76.00533 118.13216 76.51294 117.31978 curveto
77.06847 116.43077 77.59822 115.52573 78.1073 114.60924 curveto
78.66138 113.61201 79.19258 112.60262 79.70093 111.5813 curveto stroke
newpath 25.96129 30.5334 moveto
24.90054 30.02583 24.14067 29.04848 23.91028 27.89532 curveto
24.14067 29.04848 23.8147 30.24278 23.03041 31.11897 curveto stroke
 1 1 1 setrgbcolor
newpath 81.29504 111.5813 moveto
81.29504 112.00403 81.12697 112.40948 80.82805 112.70842 curveto
80.52911 113.00734 80.12366 113.17542 79.70093 113.17542 curveto
79.2782 113.17542 78.87274 113.00734 78.5738 112.70842 curveto
78.27489 112.40948 78.10681 112.00403 78.10681 111.5813 curveto
78.10681 111.15857 78.27489 110.75311 78.5738 110.45418 curveto
78.87274 110.15526 79.2782 109.98718 79.70093 109.98718 curveto
80.12366 109.98718 80.52911 110.15526 80.82805 110.45418 curveto
81.12697 110.75311 81.29504 111.15857 81.29504 111.5813 curveto closepath fill
 0 0 0 setrgbcolor
newpath 81.29504 111.5813 moveto
81.29504 112.00403 81.12697 112.40948 80.82805 112.70842 curveto
80.52911 113.00734 80.12366 113.17542 79.70093 113.17542 curveto
79.2782 113.17542 78.87274 113.00734 78.5738 112.70842 curveto
78.27489 112.40948 78.10681 112.00403 78.10681 111.5813 curveto
78.10681 111.15857 78.27489 110.75311 78.5738 110.45418 curveto
78.87274 110.15526 79.2782 109.98718 79.70093 109.98718 curveto
80.12366 109.98718 80.52911 110.15526 80.82805 110.45418 curveto
81.12697 110.75311 81.29504 111.15857 81.29504 111.5813 curveto closepath stroke
newpath 111.5813 95.64111 moveto
79.70093 95.64111 lineto stroke
newpath 82.68971 94.14671 moveto
81.98416 95.08746 80.87686 95.64111 79.70093 95.64111 curveto
80.87686 95.64111 81.98416 96.19476 82.68971 97.13551 curveto stroke
newpath 0 111.5813 moveto
31.88037 111.5813 lineto stroke
newpath 28.89159 113.0757 moveto
29.59714 112.13495 30.70444 111.5813 31.88037 111.5813 curveto
30.70444 111.5813 29.59714 111.02765 28.89159 110.0869 curveto stroke
newpath 0 63.76074 moveto
111.5813 63.76074 lineto stroke
newpath 106.59999 66.2514 moveto
107.77592 64.68349 109.62141 63.76074 111.5813 63.76074 curveto
109.62141 63.76074 107.77592 62.838 106.59999 61.27008 curveto stroke
 0.49814 0 dtransform exch truncate exch idtransform pop setlinewidth
newpath 63.76074 0 moveto
63.76074 143.46167 lineto stroke
 0 0.49814 dtransform truncate idtransform setlinewidth pop
newpath 61.27008 138.48036 moveto
62.838 139.6563 63.76074 141.50179 63.76074 143.46167 curveto
63.76074 141.50179 64.68349 139.6563 66.2514 138.48036 curveto stroke
 0.49814 0 dtransform exch truncate exch idtransform pop setlinewidth
newpath 31.88037 61.76822 moveto
31.88037 65.75327 lineto stroke
newpath 47.82056 61.76822 moveto
47.82056 65.75327 lineto stroke
newpath 63.76074 61.76822 moveto
63.76074 65.75327 lineto stroke
newpath 79.70093 61.76822 moveto
79.70093 65.75327 lineto stroke
newpath 95.64111 61.76822 moveto
95.64111 65.75327 lineto stroke
 0 0.49814 dtransform truncate idtransform setlinewidth pop
newpath 65.75327 47.82056 moveto
61.76822 47.82056 lineto stroke
newpath 65.75327 63.76074 moveto
61.76822 63.76074 lineto stroke
newpath 65.75327 79.70093 moveto
61.76822 79.70093 lineto stroke
newpath 65.75327 95.64111 moveto
61.76822 95.64111 lineto stroke
newpath 65.75327 111.5813 moveto
61.76822 111.5813 lineto stroke
newpath 65.75327 127.52148 moveto
61.76822 127.52148 lineto stroke
showpage
%%EOF
