%!PS
%%BoundingBox: -1 -1 128 144 
%%HiResBoundingBox: -0.24907 -0.24907 127.77055 143.71074 
%%Creator: MetaPost 1.902
%%CreationDate: 2016.04.02:1321
%%Pages: 1
%%BeginProlog
%%EndProlog
%%Page: 1 1
 0 0 0 setrgbcolor 0 0.49814 dtransform truncate idtransform setlinewidth pop
 [] 0 setdash 1 setlinecap 1 setlinejoin 10 setmiterlimit
newpath 23.91028 131.50653 moveto
24.43103 128.90108 24.96223 126.29756 25.50415 123.69649 curveto
26.0249 121.19633 26.5561 118.69864 27.09851 116.20311 curveto
27.61877 113.81024 28.14949 111.4198 28.69214 109.03178 curveto
29.21216 106.74374 29.74313 104.45837 30.2865 102.17592 curveto
30.80579 99.99464 31.33652 97.8163 31.88037 95.64111 curveto
32.39941 93.5654 32.93015 91.49237 33.47473 89.42323 curveto
33.99281 87.4543 34.52353 85.4883 35.06836 83.52666 curveto
35.5862 81.66281 36.11691 79.80235 36.66272 77.94652 curveto
37.17958 76.18896 37.71005 74.43529 38.25659 72.68672 curveto
38.77272 71.0352 39.30296 69.38806 39.85022 67.74652 curveto
40.36586 66.19983 40.89635 64.65825 41.44458 63.12276 curveto
41.959 61.68211 42.48924 60.24707 43.03845 58.81932 curveto
43.55215 57.48376 44.08238 56.15453 44.63281 54.83354 curveto
45.1453 53.60379 45.67505 52.38107 46.22644 51.1681 curveto
46.73795 50.0427 47.26794 48.92578 47.8208 47.82007 curveto
48.33109 46.79973 48.8606 45.78888 49.41467 44.79164 curveto
49.92351 43.87564 50.45302 42.97108 51.0083 42.08257 curveto
51.51616 41.26994 52.04567 40.47069 52.60266 39.6909 curveto
53.1093 38.98166 53.63857 38.28845 54.19653 37.61885 curveto
54.70245 37.01175 55.23195 36.42412 55.7909 35.86517 curveto
56.29657 35.3595 56.82607 34.87767 57.38452 34.43086 curveto
57.89165 34.02516 58.42189 33.64912 58.97888 33.31493 curveto
59.48917 33.00894 60.02039 32.73872 60.57275 32.51787 curveto
61.08888 32.31137 61.6218 32.14865 62.16711 32.03969 curveto
62.69176 31.93486 63.22565 31.88135 63.76074 31.88037 curveto stroke
newpath 23.03065 128.2828 moveto
23.81488 129.15906 24.14076 130.35341 23.91028 131.50653 curveto
24.14076 130.35341 24.9007 129.3761 25.9615 128.86862 curveto stroke
newpath 103.6112 111.5813 moveto
102.01733 108.39355 lineto
100.42297 105.20483 lineto
98.82935 102.01758 lineto
97.23499 98.82886 lineto
95.64111 95.64111 lineto
94.04675 92.4524 lineto
92.45313 89.26514 lineto
90.85876 86.07642 lineto
89.2649 82.88867 lineto
87.67126 79.70142 lineto
86.0769 76.5127 lineto
84.48303 73.32495 lineto
82.88867 70.13623 lineto
81.29504 66.94897 lineto
79.70068 63.76025 lineto
78.10681 60.57251 lineto
76.51318 57.38525 lineto
74.91882 54.19653 lineto
73.32495 51.00879 lineto
71.73059 47.82007 lineto
70.13696 44.63281 lineto
68.5426 41.44409 lineto
66.94873 38.25635 lineto
65.35437 35.06763 lineto
63.76074 31.88037 lineto stroke
newpath 100.93814 109.5761 moveto
102.09508 109.78658 103.08542 110.52946 103.6112 111.5813 curveto
103.08542 110.52946 103.08553 109.29146 103.61154 108.23973 curveto stroke
newpath 63.76074 33.37477 moveto
63.36438 33.37477 62.98431 33.21729 62.70407 32.93704 curveto
62.42383 32.6568 62.26634 32.27673 62.26634 31.88037 curveto
62.26634 31.48401 62.42383 31.10394 62.70407 30.8237 curveto
62.98431 30.54346 63.36438 30.38597 63.76074 30.38597 curveto
64.1571 30.38597 64.53717 30.54346 64.81741 30.8237 curveto
65.09766 31.10394 65.25514 31.48401 65.25514 31.88037 curveto
65.25514 32.27673 65.09766 32.6568 64.81741 32.93704 curveto
64.53717 33.21729 64.1571 33.37477 63.76074 33.37477 curveto closepath fill
newpath 47.82056 49.31496 moveto
47.4242 49.31496 47.04413 49.15747 46.76389 48.87723 curveto
46.48364 48.59698 46.32616 48.21692 46.32616 47.82056 curveto
46.32616 47.4242 46.48364 47.04413 46.76389 46.76389 curveto
47.04413 46.48364 47.4242 46.32616 47.82056 46.32616 curveto
48.21692 46.32616 48.59698 46.48364 48.87723 46.76389 curveto
49.15747 47.04413 49.31496 47.4242 49.31496 47.82056 curveto
49.31496 48.21692 49.15747 48.59698 48.87723 48.87723 curveto
48.59698 49.15747 48.21692 49.31496 47.82056 49.31496 curveto closepath fill
newpath 31.88037 97.13551 moveto
31.48401 97.13551 31.10394 96.97803 30.8237 96.69778 curveto
30.54346 96.41754 30.38597 96.03748 30.38597 95.64111 curveto
30.38597 95.24475 30.54346 94.86469 30.8237 94.58444 curveto
31.10394 94.3042 31.48401 94.14671 31.88037 94.14671 curveto
32.27673 94.14671 32.6568 94.3042 32.93704 94.58444 curveto
33.21729 94.86469 33.37477 95.24475 33.37477 95.64111 curveto
33.37477 96.03748 33.21729 96.41754 32.93704 96.69778 curveto
32.6568 96.97803 32.27673 97.13551 31.88037 97.13551 curveto closepath fill
newpath 79.70093 65.25514 moveto
79.30457 65.25514 78.9245 65.09766 78.64426 64.81741 curveto
78.36401 64.53717 78.20653 64.1571 78.20653 63.76074 curveto
78.20653 63.36438 78.36401 62.98431 78.64426 62.70407 curveto
78.9245 62.42383 79.30457 62.26634 79.70093 62.26634 curveto
80.09729 62.26634 80.47736 62.42383 80.7576 62.70407 curveto
81.03784 62.98431 81.19533 63.36438 81.19533 63.76074 curveto
81.19533 64.1571 81.03784 64.53717 80.7576 64.81741 curveto
80.47736 65.09766 80.09729 65.25514 79.70093 65.25514 curveto closepath fill
newpath 95.64111 97.13551 moveto
95.24475 97.13551 94.86469 96.97803 94.58444 96.69778 curveto
94.3042 96.41754 94.14671 96.03748 94.14671 95.64111 curveto
94.14671 95.24475 94.3042 94.86469 94.58444 94.58444 curveto
94.86469 94.3042 95.24475 94.14671 95.64111 94.14671 curveto
96.03748 94.14671 96.41754 94.3042 96.69778 94.58444 curveto
96.97803 94.86469 97.13551 95.24475 97.13551 95.64111 curveto
97.13551 96.03748 96.97803 96.41754 96.69778 96.69778 curveto
96.41754 96.97803 96.03748 97.13551 95.64111 97.13551 curveto closepath fill
newpath 0 47.82056 moveto
127.52148 47.82056 lineto stroke
newpath 122.54018 50.31122 moveto
123.71611 48.7433 125.5616 47.82056 127.52148 47.82056 curveto
125.5616 47.82056 123.71611 46.89781 122.54018 45.3299 curveto stroke
 0.49814 0 dtransform exch truncate exch idtransform pop setlinewidth
newpath 63.76074 0 moveto
63.76074 143.46167 lineto stroke
 0 0.49814 dtransform truncate idtransform setlinewidth pop
newpath 61.27008 138.48036 moveto
62.838 139.6563 63.76074 141.50179 63.76074 143.46167 curveto
63.76074 141.50179 64.68349 139.6563 66.2514 138.48036 curveto stroke
 0.49814 0 dtransform exch truncate exch idtransform pop setlinewidth
newpath 15.94019 45.82803 moveto
15.94019 49.81308 lineto stroke
newpath 31.88037 45.82803 moveto
31.88037 49.81308 lineto stroke
newpath 47.82056 45.82803 moveto
47.82056 49.81308 lineto stroke
newpath 63.76074 45.82803 moveto
63.76074 49.81308 lineto stroke
newpath 79.70093 45.82803 moveto
79.70093 49.81308 lineto stroke
newpath 95.64111 45.82803 moveto
95.64111 49.81308 lineto stroke
newpath 111.5813 45.82803 moveto
111.5813 49.81308 lineto stroke
 0 0.49814 dtransform truncate idtransform setlinewidth pop
newpath 65.75327 15.94019 moveto
61.76822 15.94019 lineto stroke
newpath 65.75327 31.88037 moveto
61.76822 31.88037 lineto stroke
newpath 65.75327 47.82056 moveto
61.76822 47.82056 lineto stroke
newpath 65.75327 63.76074 moveto
61.76822 63.76074 lineto stroke
newpath 65.75327 79.70093 moveto
61.76822 79.70093 lineto stroke
newpath 65.75327 95.64111 moveto
61.76822 95.64111 lineto stroke
newpath 65.75327 111.5813 moveto
61.76822 111.5813 lineto stroke
newpath 65.75327 127.52148 moveto
61.76822 127.52148 lineto stroke
showpage
%%EOF
