%!PS
%%BoundingBox: -1 -1 130 143 
%%HiResBoundingBox: -0.24907 -0.24907 129.76308 142.71448 
%%Creator: MetaPost 1.902
%%CreationDate: 2016.04.02:1321
%%Pages: 1
%%BeginProlog
%%EndProlog
%%Page: 1 1
 0 0 0 setrgbcolor
newpath 38.8542 53.3 moveto
38.45784 53.3 38.07777 53.14252 37.79753 52.86227 curveto
37.51729 52.58203 37.3598 52.20197 37.3598 51.8056 curveto
37.3598 51.40924 37.51729 51.02917 37.79753 50.74893 curveto
38.07777 50.46869 38.45784 50.3112 38.8542 50.3112 curveto
39.25056 50.3112 39.63063 50.46869 39.91087 50.74893 curveto
40.19112 51.02917 40.3486 51.40924 40.3486 51.8056 curveto
40.3486 52.20197 40.19112 52.58203 39.91087 52.86227 curveto
39.63063 53.14252 39.25056 53.3 38.8542 53.3 curveto closepath fill
newpath 90.6598 53.3 moveto
90.26344 53.3 89.88338 53.14252 89.60313 52.86227 curveto
89.32289 52.58203 89.1654 52.20197 89.1654 51.8056 curveto
89.1654 51.40924 89.32289 51.02917 89.60313 50.74893 curveto
89.88338 50.46869 90.26344 50.3112 90.6598 50.3112 curveto
91.05617 50.3112 91.43623 50.46869 91.71648 50.74893 curveto
91.99672 51.02917 92.1542 51.40924 92.1542 51.8056 curveto
92.1542 52.20197 91.99672 52.58203 91.71648 52.86227 curveto
91.43623 53.14252 91.05617 53.3 90.6598 53.3 curveto closepath fill
newpath 116.5626 14.4458 moveto
116.16624 14.4458 115.78618 14.28831 115.50594 14.00807 curveto
115.2257 13.72783 115.0682 13.34776 115.0682 12.9514 curveto
115.0682 12.55504 115.2257 12.17497 115.50594 11.89473 curveto
115.78618 11.61449 116.16624 11.457 116.5626 11.457 curveto
116.95897 11.457 117.33904 11.61449 117.61928 11.89473 curveto
117.89952 12.17497 118.057 12.55504 118.057 12.9514 curveto
118.057 13.34776 117.89952 13.72783 117.61928 14.00807 curveto
117.33904 14.28831 116.95897 14.4458 116.5626 14.4458 curveto closepath fill
newpath 12.9514 14.4458 moveto
12.55504 14.4458 12.17497 14.28831 11.89473 14.00807 curveto
11.61449 13.72783 11.457 13.34776 11.457 12.9514 curveto
11.457 12.55504 11.61449 12.17497 11.89473 11.89473 curveto
12.17497 11.61449 12.55504 11.457 12.9514 11.457 curveto
13.34776 11.457 13.72783 11.61449 14.00807 11.89473 curveto
14.28831 12.17497 14.4458 12.55504 14.4458 12.9514 curveto
14.4458 13.34776 14.28831 13.72783 14.00807 14.00807 curveto
13.72783 14.28831 13.34776 14.4458 12.9514 14.4458 curveto closepath fill
newpath 64.757 92.1542 moveto
64.36064 92.1542 63.98058 91.99672 63.70033 91.71648 curveto
63.42009 91.43623 63.2626 91.05617 63.2626 90.6598 curveto
63.2626 90.26344 63.42009 89.88338 63.70033 89.60313 curveto
63.98058 89.32289 64.36064 89.1654 64.757 89.1654 curveto
65.15337 89.1654 65.53343 89.32289 65.81367 89.60313 curveto
66.09392 89.88338 66.2514 90.26344 66.2514 90.6598 curveto
66.2514 91.05617 66.09392 91.43623 65.81367 91.71648 curveto
65.53343 91.99672 65.15337 92.1542 64.757 92.1542 curveto closepath fill
 0 0.49814 dtransform truncate idtransform setlinewidth pop [] 0 setdash
 1 setlinecap 1 setlinejoin 10 setmiterlimit
newpath 12.9514 12.9514 moveto
13.38577 12.9522 13.81917 12.99231 14.24623 13.07117 curveto
14.68752 13.15259 15.12012 13.2749 15.54105 13.42984 curveto
15.98787 13.59447 16.42007 13.79584 16.83745 14.02509 curveto
17.28685 14.27211 17.71767 14.55174 18.13228 14.85332 curveto
18.58286 15.18118 19.01308 15.5361 19.4271 15.90923 curveto
19.87769 16.31514 20.30751 16.74338 20.72192 17.18626 curveto
21.1717 17.66687 21.60155 18.16548 22.01675 18.67613 curveto
22.46594 19.22849 22.89616 19.79587 23.31316 20.37292 curveto
23.76038 20.99149 24.1902 21.6225 24.60797 22.26122 curveto
25.05362 22.94241 25.48344 23.6337 25.9028 24.3315 curveto
26.34686 25.07082 26.77708 25.81842 27.19763 26.57137 curveto
27.6403 27.36383 28.07053 28.16301 28.49245 28.96655 curveto
28.93433 29.80803 29.36496 30.65523 29.78885 31.5058 curveto
30.22876 32.38878 30.65898 33.2767 31.08368 34.16719 curveto
31.5222 35.08691 31.95282 36.0106 32.3785 36.93648 curveto
32.81604 37.88783 33.24626 38.84235 33.67332 39.79825 curveto
34.10948 40.7747 34.5401 41.75352 34.96815 42.73354 curveto
35.40372 43.73055 35.83453 44.72972 36.26456 45.7293 curveto
36.69833 46.73776 37.12895 47.74762 37.55937 48.75768 curveto
37.99217 49.77306 38.42259 50.78963 38.8542 51.8056 curveto
39.28581 52.82138 39.71623 53.83755 40.14903 54.85295 curveto
40.57945 55.86299 41.01007 56.87325 41.44385 57.88191 curveto
41.87367 58.88129 42.30469 59.88007 42.74025 60.87708 curveto
43.1685 61.85728 43.59872 62.8363 44.03508 63.81296 curveto
44.46214 64.76886 44.89256 65.72298 45.3299 66.67415 curveto
45.75578 67.6002 46.186 68.5241 46.62473 69.44402 curveto
47.04942 70.3345 47.47964 71.22243 47.91956 72.10541 curveto
48.34344 72.95598 48.77408 73.80318 49.21596 74.64465 curveto
49.63788 75.4482 50.0681 76.24738 50.51077 77.03984 curveto
50.93132 77.79279 51.36154 78.54039 51.8056 79.27971 curveto
52.22496 79.97751 52.65479 80.6688 53.10043 81.34999 curveto
53.5182 81.98871 53.94803 82.61972 54.39525 83.23828 curveto
54.81224 83.81534 55.24266 84.38272 55.69165 84.93507 curveto
56.10706 85.44592 56.5367 85.94492 56.98648 86.42554 curveto
57.4009 86.86821 57.83072 87.29626 58.2813 87.70198 curveto
58.69533 88.0749 59.12555 88.43002 59.57613 88.75789 curveto
59.99074 89.05946 60.42155 89.3391 60.87096 89.58612 curveto
61.28833 89.81557 61.72034 90.01733 62.16736 90.18196 curveto
62.58829 90.33688 63.02109 90.45862 63.46217 90.54004 curveto
63.88924 90.6189 64.32263 90.6598 64.757 90.6598 curveto
65.19138 90.6598 65.62477 90.6189 66.05183 90.54004 curveto
66.49292 90.45862 66.92572 90.33688 67.34665 90.18196 curveto
67.79367 90.01733 68.22568 89.81557 68.64305 89.58612 curveto
69.09245 89.3391 69.52327 89.05946 69.93788 88.75789 curveto
70.38846 88.43002 70.81868 88.0749 71.23271 87.70198 curveto
71.68329 87.29626 72.11311 86.86821 72.52753 86.42554 curveto
72.97731 85.94492 73.40695 85.44592 73.82236 84.93507 curveto
74.27135 84.38272 74.70177 83.81534 75.11876 83.23828 curveto
75.56598 82.61972 75.9958 81.98871 76.41357 81.34999 curveto
76.85922 80.6688 77.28905 79.97751 77.7084 79.27971 curveto
78.15247 78.54039 78.58269 77.79279 79.00323 77.03984 curveto
79.4459 76.24738 79.87613 75.4482 80.29805 74.64465 curveto
80.73993 73.80318 81.17056 72.95598 81.59445 72.10541 curveto
82.03436 71.22243 82.46458 70.3345 82.88928 69.44402 curveto
83.328 68.5241 83.75822 67.6002 84.18411 66.67415 curveto
84.62144 65.72298 85.05186 64.76886 85.47893 63.81296 curveto
85.91528 62.8363 86.3455 61.85728 86.77376 60.87708 curveto
87.20932 59.88007 87.64034 58.88129 88.07016 57.88191 curveto
88.50394 56.87325 88.93456 55.86299 89.36497 54.85295 curveto
89.79778 53.83755 90.2282 52.82138 90.6598 51.8056 curveto
91.09142 50.78963 91.52184 49.77306 91.95464 48.75768 curveto
92.38506 47.74762 92.81567 46.73776 93.24945 45.7293 curveto
93.67947 44.72972 94.11029 43.73055 94.54585 42.73354 curveto
94.9739 41.75352 95.40453 40.7747 95.84068 39.79825 curveto
96.26775 38.84235 96.69797 37.88783 97.13551 36.93648 curveto
97.56119 36.0106 97.9918 35.08691 98.43033 34.16719 curveto
98.85503 33.2767 99.28525 32.38878 99.72516 31.5058 curveto
100.14905 30.65523 100.57968 29.80803 101.02156 28.96655 curveto
101.44348 28.16301 101.8737 27.36383 102.31638 26.57137 curveto
102.73692 25.81842 103.16714 25.07082 103.6112 24.3315 curveto
104.03056 23.6337 104.46039 22.94241 104.90604 22.26122 curveto
105.3238 21.6225 105.75363 20.99149 106.20085 20.37292 curveto
106.61784 19.79587 107.04807 19.22849 107.49725 18.67613 curveto
107.91246 18.16548 108.3423 17.66687 108.79208 17.18626 curveto
109.2065 16.74338 109.63632 16.31514 110.08691 15.90923 curveto
110.50093 15.5361 110.93115 15.18118 111.38173 14.85332 curveto
111.79634 14.55174 112.22716 14.27211 112.67656 14.02509 curveto
113.09393 13.79584 113.52614 13.59447 113.97296 13.42984 curveto
114.39389 13.2749 114.82649 13.15259 115.26778 13.07117 curveto
115.69484 12.99231 116.12823 12.9522 116.5626 12.9514 curveto stroke
newpath 0 51.8056 moveto
129.514 51.8056 lineto stroke
newpath 124.5327 54.29626 moveto
125.70863 52.72835 127.55412 51.8056 129.514 51.8056 curveto
127.55412 51.8056 125.70863 50.88286 124.5327 49.31494 curveto stroke
 0.49814 0 dtransform exch truncate exch idtransform pop setlinewidth
newpath 64.757 0 moveto
64.757 142.46541 lineto stroke
 0 0.49814 dtransform truncate idtransform setlinewidth pop
newpath 62.26634 137.4841 moveto
63.83426 138.66003 64.757 140.50552 64.757 142.46541 curveto
64.757 140.50552 65.67975 138.66003 67.24767 137.4841 curveto stroke
 0.49814 0 dtransform exch truncate exch idtransform pop setlinewidth
newpath 12.9514 49.81308 moveto
12.9514 53.79813 lineto stroke
newpath 25.9028 49.81308 moveto
25.9028 53.79813 lineto stroke
newpath 38.8542 49.81308 moveto
38.8542 53.79813 lineto stroke
newpath 51.8056 49.81308 moveto
51.8056 53.79813 lineto stroke
newpath 77.7084 49.81308 moveto
77.7084 53.79813 lineto stroke
newpath 90.6598 49.81308 moveto
90.6598 53.79813 lineto stroke
newpath 103.6112 49.81308 moveto
103.6112 53.79813 lineto stroke
newpath 116.5626 49.81308 moveto
116.5626 53.79813 lineto stroke
 0 0.49814 dtransform truncate idtransform setlinewidth pop
newpath 66.74953 0 moveto
62.76448 0 lineto stroke
newpath 66.74953 12.9514 moveto
62.76448 12.9514 lineto stroke
newpath 66.74953 25.9028 moveto
62.76448 25.9028 lineto stroke
newpath 66.74953 38.8542 moveto
62.76448 38.8542 lineto stroke
newpath 66.74953 64.757 moveto
62.76448 64.757 lineto stroke
newpath 66.74953 77.7084 moveto
62.76448 77.7084 lineto stroke
newpath 66.74953 90.6598 moveto
62.76448 90.6598 lineto stroke
newpath 66.74953 103.6112 moveto
62.76448 103.6112 lineto stroke
newpath 66.74953 116.5626 moveto
62.76448 116.5626 lineto stroke
newpath 66.74953 129.514 moveto
62.76448 129.514 lineto stroke
showpage
%%EOF
