%!PS
%%BoundingBox: -1 -1 120 120 
%%HiResBoundingBox: -0.24907 -0.24907 119.80046 119.80046 
%%Creator: MetaPost 1.902
%%CreationDate: 2016.10.22:1526
%%Pages: 1
%%BeginProlog
%%EndProlog
%%Page: 1 1
 0 0 0 setrgbcolor 0 0.49814 dtransform truncate idtransform setlinewidth pop
 [] 0 setdash 1 setlinecap 1 setlinejoin 10 setmiterlimit
newpath 0 59.7757 moveto
119.55139 59.7757 lineto stroke
newpath 114.57008 62.26636 moveto
115.74602 60.69844 117.5915 59.7757 119.55139 59.7757 curveto
117.5915 59.7757 115.74602 58.85295 114.57008 57.28503 curveto stroke
 0.49814 0 dtransform exch truncate exch idtransform pop setlinewidth
newpath 59.7757 0 moveto
59.7757 119.55139 lineto stroke
 0 0.49814 dtransform truncate idtransform setlinewidth pop
newpath 57.28503 114.57008 moveto
58.85295 115.74602 59.7757 117.5915 59.7757 119.55139 curveto
59.7757 117.5915 60.69844 115.74602 62.26636 114.57008 curveto stroke
 0.49814 0 dtransform exch truncate exch idtransform pop setlinewidth
newpath 14.94392 57.78317 moveto
14.94392 61.76822 lineto stroke
newpath 29.88785 57.78317 moveto
29.88785 61.76822 lineto stroke
newpath 44.83177 57.78317 moveto
44.83177 61.76822 lineto stroke
newpath 74.71962 57.78317 moveto
74.71962 61.76822 lineto stroke
newpath 89.66354 57.78317 moveto
89.66354 61.76822 lineto stroke
newpath 104.60747 57.78317 moveto
104.60747 61.76822 lineto stroke
 0 0.49814 dtransform truncate idtransform setlinewidth pop
newpath 61.76822 14.94392 moveto
57.78317 14.94392 lineto stroke
newpath 61.76822 29.88785 moveto
57.78317 29.88785 lineto stroke
newpath 61.76822 44.83177 moveto
57.78317 44.83177 lineto stroke
newpath 61.76822 74.71962 moveto
57.78317 74.71962 lineto stroke
newpath 61.76822 89.66354 moveto
57.78317 89.66354 lineto stroke
newpath 61.76822 104.60747 moveto
57.78317 104.60747 lineto stroke
newpath 115.99988 5.5741 moveto
114.27965 7.35773 112.56308 9.14499 110.8506 10.93591 curveto
109.30116 12.55626 107.75514 14.18004 106.21368 15.80814 curveto
104.8193 17.28096 103.42857 18.7572 102.04309 20.23824 curveto
100.78802 21.57994 99.53708 22.92575 98.29182 24.27681 curveto
97.16606 25.49834 96.04509 26.72421 94.93027 27.95578 curveto
93.92125 29.0706 92.91702 30.18999 91.92032 31.31598 curveto
91.01642 32.33685 90.11845 33.36296 89.22847 34.39592 curveto
88.42308 35.33061 87.6243 36.27075 86.8342 37.21843 curveto
86.11797 38.07741 85.40903 38.94276 84.71013 39.81589 curveto
84.07622 40.60782 83.45029 41.40636 82.83575 42.21335 curveto
82.27754 42.94623 81.72845 43.68594 81.19214 44.43478 curveto
80.70393 45.11635 80.22623 45.80545 79.76242 46.50389 curveto
79.33966 47.14053 78.92876 47.78494 78.53336 48.43892 curveto
78.17102 49.03818 77.82214 49.6454 77.49083 50.26222 curveto
77.1864 50.82932 76.89705 51.40417 76.62706 51.98837 curveto
76.37668 52.53017 76.14319 53.07948 75.93135 53.63724 curveto
75.73297 54.15941 75.55351 54.68889 75.39731 55.2252 curveto
75.24933 55.73325 75.12231 56.24745 75.0197 56.76666 curveto
74.92096 57.26718 74.84503 57.7718 74.79442 58.27939 curveto
74.74493 58.77672 74.71962 59.2761 74.71962 59.7757 curveto
74.71962 60.2753 74.74493 60.77467 74.79442 61.272 curveto
74.84503 61.77959 74.92096 62.28421 75.0197 62.78473 curveto
75.12231 63.30394 75.24933 63.81815 75.39731 64.32619 curveto
75.55351 64.8625 75.73297 65.39198 75.93135 65.91415 curveto
76.14319 66.47191 76.37668 67.02122 76.62706 67.56302 curveto
76.89705 68.14722 77.1864 68.72208 77.49083 69.28917 curveto
77.82214 69.90599 78.17102 70.51321 78.53336 71.11247 curveto
78.92876 71.76645 79.33966 72.41086 79.76242 73.0475 curveto
80.22623 73.74594 80.70393 74.43504 81.19214 75.11661 curveto
81.72845 75.86545 82.27754 76.60516 82.83575 77.33804 curveto
83.45029 78.14503 84.07622 78.94357 84.71013 79.7355 curveto
85.40903 80.60863 86.11797 81.47398 86.8342 82.33296 curveto
87.6243 83.28064 88.42308 84.22078 89.22847 85.15547 curveto
90.11845 86.18843 91.01642 87.21454 91.92032 88.23541 curveto
92.91702 89.3614 93.92125 90.48079 94.93027 91.59561 curveto
96.04509 92.82718 97.16606 94.05305 98.29182 95.27458 curveto
99.53708 96.62564 100.78802 97.97145 102.04309 99.31316 curveto
103.42857 100.79419 104.8193 102.27043 106.21368 103.74326 curveto
107.75514 105.37135 109.30116 106.99513 110.8506 108.61548 curveto
112.56308 110.4064 114.27965 112.19366 115.99988 113.9773 curveto stroke
newpath 112.84941 112.86342 moveto
114.01634 112.71819 115.18355 113.13087 115.99988 113.9773 curveto
115.18355 113.13087 114.81337 111.94951 115.00072 110.78859 curveto stroke
newpath 115.00072 8.7628 moveto
114.81337 7.60188 115.18355 6.42052 115.99988 5.5741 curveto
115.18355 6.42052 114.01634 6.8332 112.84941 6.68797 curveto stroke
newpath 3.55151 5.5741 moveto
5.27174 7.35773 6.98831 9.14499 8.70079 10.93591 curveto
10.25023 12.55626 11.79625 14.18004 13.3377 15.80814 curveto
14.73209 17.28096 16.12282 18.7572 17.5083 20.23824 curveto
18.76337 21.57994 20.01431 22.92575 21.25957 24.27681 curveto
22.38533 25.49834 23.5063 26.72421 24.62112 27.95578 curveto
25.63014 29.0706 26.63437 30.18999 27.63107 31.31598 curveto
28.53497 32.33685 29.43294 33.36296 30.32292 34.39592 curveto
31.12831 35.33061 31.9271 36.27075 32.7172 37.21843 curveto
33.43343 38.07741 34.14236 38.94276 34.84126 39.81589 curveto
35.47517 40.60782 36.1011 41.40636 36.71564 42.21335 curveto
37.27385 42.94623 37.82294 43.68594 38.35925 44.43478 curveto
38.84746 45.11635 39.32516 45.80545 39.78897 46.50389 curveto
40.21173 47.14053 40.62263 47.78494 41.01804 48.43892 curveto
41.38037 49.03818 41.72925 49.6454 42.06056 50.26222 curveto
42.36499 50.82932 42.65434 51.40417 42.92433 51.98837 curveto
43.17471 52.53017 43.4082 53.07948 43.62004 53.63724 curveto
43.81842 54.15941 43.99788 54.68889 44.15408 55.2252 curveto
44.30206 55.73325 44.42908 56.24745 44.5317 56.76666 curveto
44.63043 57.26718 44.70636 57.7718 44.75697 58.27939 curveto
44.80646 58.77672 44.83177 59.2761 44.83177 59.7757 curveto
44.83177 60.2753 44.80646 60.77467 44.75697 61.272 curveto
44.70636 61.77959 44.63043 62.28421 44.5317 62.78473 curveto
44.42908 63.30394 44.30206 63.81815 44.15408 64.32619 curveto
43.99788 64.8625 43.81842 65.39198 43.62004 65.91415 curveto
43.4082 66.47191 43.17471 67.02122 42.92433 67.56302 curveto
42.65434 68.14722 42.36499 68.72208 42.06056 69.28917 curveto
41.72925 69.90599 41.38037 70.51321 41.01804 71.11247 curveto
40.62263 71.76645 40.21173 72.41086 39.78897 73.0475 curveto
39.32516 73.74594 38.84746 74.43504 38.35925 75.11661 curveto
37.82294 75.86545 37.27385 76.60516 36.71564 77.33804 curveto
36.1011 78.14503 35.47517 78.94357 34.84126 79.7355 curveto
34.14236 80.60863 33.43343 81.47398 32.7172 82.33296 curveto
31.9271 83.28064 31.12831 84.22078 30.32292 85.15547 curveto
29.43294 86.18843 28.53497 87.21454 27.63107 88.23541 curveto
26.63437 89.3614 25.63014 90.48079 24.62112 91.59561 curveto
23.5063 92.82718 22.38533 94.05305 21.25957 95.27458 curveto
20.01431 96.62564 18.76337 97.97145 17.5083 99.31316 curveto
16.12282 100.79419 14.73209 102.27043 13.3377 103.74326 curveto
11.79625 105.37135 10.25023 106.99513 8.70079 108.61548 curveto
6.98831 110.4064 5.27174 112.19366 3.55151 113.9773 curveto stroke
newpath 4.55067 110.78859 moveto
4.73802 111.94951 4.36784 113.13087 3.55151 113.9773 curveto
4.36784 113.13087 5.53505 112.71819 6.70198 112.86342 curveto stroke
newpath 6.70198 6.68797 moveto
5.53505 6.8332 4.36784 6.42052 3.55151 5.5741 curveto
4.36784 6.42052 4.73802 7.60188 4.55067 8.7628 curveto stroke
showpage
%%EOF
