%!PS
%%BoundingBox: -1 -1 200 300 
%%HiResBoundingBox: -0.24907 -0.24907 199.50139 299.12755 
%%Creator: MetaPost 1.902
%%CreationDate: 2016.10.22:1526
%%Pages: 1
%%BeginProlog
%%EndProlog
%%Page: 1 1
 0 0 0 setrgbcolor 0 0.49814 dtransform truncate idtransform setlinewidth pop
 [] 0 setdash 1 setlinecap 1 setlinejoin 10 setmiterlimit
newpath 159.40186 229.14017 moveto
161.3945 230.13649 lineto
163.38715 231.13281 lineto
165.37918 232.12883 lineto
167.37183 233.12515 lineto
169.36447 234.12148 lineto
171.35712 235.1178 lineto
173.34976 236.11412 lineto
175.3418 237.11014 lineto
177.33444 238.10646 lineto
179.32709 239.10278 lineto
181.31973 240.0991 lineto
183.31238 241.09543 lineto
185.30441 242.09145 lineto
187.29706 243.08777 lineto
189.2897 244.08409 lineto
191.28235 245.08041 lineto
193.275 246.07674 lineto
195.26703 247.07275 lineto
197.25967 248.06908 lineto
199.25232 249.0654 lineto stroke
newpath 195.91075 249.06607 moveto
196.96243 248.53996 198.20042 248.53972 199.25232 249.0654 curveto
198.20042 248.53972 197.45743 247.54945 197.24684 246.39255 curveto stroke
newpath 59.7757 39.85046 moveto
57.78305 37.85782 lineto
55.7904 35.86517 lineto
53.79837 33.87314 lineto
51.80573 31.8805 lineto
49.81308 29.88785 lineto
47.82043 27.8952 lineto
45.82779 25.90256 lineto
43.83575 23.91052 lineto
41.84311 21.91788 lineto
39.85046 19.92523 lineto
37.85782 17.93259 lineto
35.86517 15.93994 lineto
33.87314 13.9479 lineto
31.8805 11.95526 lineto
29.88785 9.96262 lineto
27.8952 7.96997 lineto
25.90256 5.97733 lineto
23.91052 3.98529 lineto
21.91788 1.99265 lineto
19.92523 0 lineto stroke
newpath 23.09532 1.05669 moveto
21.93121 1.22299 20.75674 0.83151 19.92523 0 curveto
20.75674 0.83151 21.14822 2.00598 20.98192 3.17009 curveto stroke
newpath 59.97484 61.56403 moveto
60.6203 67.35376 61.28098 73.14198 61.95685 78.92838 curveto
62.60292 84.45877 63.26297 89.98764 63.94006 95.51439 curveto
64.58492 100.77936 65.24498 106.04251 65.92236 111.30353 curveto
66.56693 116.30795 67.22699 121.31053 67.9056 126.3104 curveto
68.54863 131.04907 69.20837 135.78564 69.88759 140.51947 curveto
70.53001 144.99638 71.18947 149.47055 71.8699 153.9417 curveto
72.51141 158.15775 73.17117 162.37106 73.85312 166.58073 curveto
74.49312 170.53166 75.15227 174.47955 75.83513 178.42319 curveto
76.47421 182.11388 77.13365 185.80121 77.81834 189.48367 curveto
78.4556 192.91016 79.11444 196.33298 79.80064 199.75003 curveto
80.43608 202.91382 81.09462 206.07304 81.78265 209.22588 curveto
82.41626 212.12971 83.0751 215.02779 83.76587 217.91855 curveto
84.39674 220.55847 85.05467 223.19234 85.74788 225.81676 curveto
86.37662 228.19705 87.03426 230.56944 87.7311 232.93057 curveto
88.3562 235.04878 89.01291 237.15756 89.71341 239.25206 curveto
90.33485 241.11002 90.99036 242.95642 91.6954 244.78398 curveto
92.3126 246.3838 92.9672 247.96936 93.67863 249.52997 curveto
94.29034 250.87228 94.94342 252.19574 95.66093 253.48454 curveto
96.26749 254.5736 96.91873 255.63773 97.64415 256.65167 curveto
98.24524 257.49203 98.89557 258.29742 99.62616 259.02802 curveto
100.22693 259.62878 100.88 260.17726 101.60817 260.61569 curveto
102.22322 260.986 102.88785 261.27118 103.59138 261.415 curveto
104.24506 261.54846 104.9188 261.55211 105.57368 261.42503 curveto
106.27632 261.28882 106.94124 261.01003 107.55692 260.64548 curveto
108.28477 260.21466 108.93814 259.67256 109.53891 259.07758 curveto
110.26982 258.35397 110.92015 257.55496 111.52122 256.72069 curveto
112.24664 255.71373 112.8982 254.65599 113.50444 253.57332 curveto
114.22227 252.29152 114.87503 250.97473 115.48645 249.63911 curveto
116.19789 248.08519 116.85248 246.50633 117.46967 244.91289 curveto
118.17502 243.09172 118.83052 241.25171 119.45197 239.40013 curveto
120.15247 237.31262 120.80888 235.21083 121.43398 233.0993 curveto
122.13083 230.74486 122.78876 228.37886 123.41719 226.00526 curveto
124.1104 223.38753 124.76833 220.76036 125.3992 218.1268 curveto
126.09027 215.24274 126.74881 212.35136 127.38242 209.45421 curveto
128.07076 206.30745 128.7293 203.1546 129.36473 199.9966 curveto
130.05093 196.58655 130.70978 193.17102 131.34673 189.75153 curveto
132.03142 186.07574 132.69087 182.39511 133.32996 178.7111 curveto
134.01282 174.77356 134.67226 170.83144 135.31226 166.88658 curveto
135.9942 162.6833 136.65396 158.47668 137.29547 154.26701 curveto
137.9756 149.80318 138.63628 145.33629 139.27748 140.86667 curveto stroke
newpath 39.85046 21.6687 moveto
39.38805 21.6687 38.94463 21.48497 38.61768 21.15802 curveto
38.29073 20.83107 38.107 20.38765 38.107 19.92523 curveto
38.107 19.46281 38.29073 19.0194 38.61768 18.69244 curveto
38.94463 18.3655 39.38805 18.18176 39.85046 18.18176 curveto
40.31288 18.18176 40.7563 18.3655 41.08325 18.69244 curveto
41.4102 19.0194 41.59393 19.46281 41.59393 19.92523 curveto
41.59393 20.38765 41.4102 20.83107 41.08325 21.15802 curveto
40.7563 21.48497 40.31288 21.6687 39.85046 21.6687 curveto closepath fill
newpath 59.7757 41.59393 moveto
59.31328 41.59393 58.86986 41.4102 58.54291 41.08325 curveto
58.21596 40.7563 58.03223 40.31288 58.03223 39.85046 curveto
58.03223 39.38805 58.21596 38.94463 58.54291 38.61768 curveto
58.86986 38.29073 59.31328 38.107 59.7757 38.107 curveto
60.23811 38.107 60.68153 38.29073 61.00848 38.61768 curveto
61.33543 38.94463 61.51917 39.38805 61.51917 39.85046 curveto
61.51917 40.31288 61.33543 40.7563 61.00848 41.08325 curveto
60.68153 41.4102 60.23811 41.59393 59.7757 41.59393 curveto closepath fill
newpath 99.62616 260.77148 moveto
99.16374 260.77148 98.72032 260.58775 98.39337 260.2608 curveto
98.06642 259.93385 97.88269 259.49043 97.88269 259.02802 curveto
97.88269 258.5656 98.06642 258.12218 98.39337 257.79523 curveto
98.72032 257.46828 99.16374 257.28455 99.62616 257.28455 curveto
100.08858 257.28455 100.532 257.46828 100.85895 257.79523 curveto
101.1859 258.12218 101.36963 258.5656 101.36963 259.02802 curveto
101.36963 259.49043 101.1859 259.93385 100.85895 260.2608 curveto
100.532 260.58775 100.08858 260.77148 99.62616 260.77148 curveto closepath fill
newpath 159.40186 230.88364 moveto
158.93944 230.88364 158.49602 230.6999 158.16907 230.37296 curveto
157.84212 230.046 157.65839 229.60258 157.65839 229.14017 curveto
157.65839 228.67775 157.84212 228.23433 158.16907 227.90738 curveto
158.49602 227.58043 158.93944 227.3967 159.40186 227.3967 curveto
159.86427 227.3967 160.3077 227.58043 160.63464 227.90738 curveto
160.9616 228.23433 161.14532 228.67775 161.14532 229.14017 curveto
161.14532 229.60258 160.9616 230.046 160.63464 230.37296 curveto
160.3077 230.6999 159.86427 230.88364 159.40186 230.88364 curveto closepath fill
newpath 104.60747 263.26215 moveto
104.14505 263.26215 103.70163 263.07841 103.37468 262.75146 curveto
103.04773 262.42451 102.864 261.9811 102.864 261.51868 curveto
102.864 261.05626 103.04773 260.61284 103.37468 260.28589 curveto
103.70163 259.95894 104.14505 259.7752 104.60747 259.7752 curveto
105.06989 259.7752 105.5133 259.95894 105.84026 260.28589 curveto
106.1672 260.61284 106.35094 261.05626 106.35094 261.51868 curveto
106.35094 261.9811 106.1672 262.42451 105.84026 262.75146 curveto
105.5133 263.07841 105.06989 263.26215 104.60747 263.26215 curveto closepath fill
newpath 89.66354 240.84625 moveto
89.20113 240.84625 88.7577 240.66252 88.43076 240.33557 curveto
88.1038 240.00862 87.92007 239.5652 87.92007 239.10278 curveto
87.92007 238.64037 88.1038 238.19695 88.43076 237.87 curveto
88.7577 237.54305 89.20113 237.35931 89.66354 237.35931 curveto
90.12596 237.35931 90.56938 237.54305 90.89633 237.87 curveto
91.22328 238.19695 91.40701 238.64037 91.40701 239.10278 curveto
91.40701 239.5652 91.22328 240.00862 90.89633 240.33557 curveto
90.56938 240.66252 90.12596 240.84625 89.66354 240.84625 curveto closepath fill
newpath 119.55139 240.84625 moveto
119.08897 240.84625 118.64555 240.66252 118.3186 240.33557 curveto
117.99165 240.00862 117.80792 239.5652 117.80792 239.10278 curveto
117.80792 238.64037 117.99165 238.19695 118.3186 237.87 curveto
118.64555 237.54305 119.08897 237.35931 119.55139 237.35931 curveto
120.01381 237.35931 120.45723 237.54305 120.78418 237.87 curveto
121.11113 238.19695 121.29486 238.64037 121.29486 239.10278 curveto
121.29486 239.5652 121.11113 240.00862 120.78418 240.33557 curveto
120.45723 240.66252 120.01381 240.84625 119.55139 240.84625 curveto closepath fill
newpath 179.32709 240.84625 moveto
178.86467 240.84625 178.42125 240.66252 178.0943 240.33557 curveto
177.76735 240.00862 177.58362 239.5652 177.58362 239.10278 curveto
177.58362 238.64037 177.76735 238.19695 178.0943 237.87 curveto
178.42125 237.54305 178.86467 237.35931 179.32709 237.35931 curveto
179.7895 237.35931 180.23293 237.54305 180.55988 237.87 curveto
180.88683 238.19695 181.07056 238.64037 181.07056 239.10278 curveto
181.07056 239.5652 180.88683 240.00862 180.55988 240.33557 curveto
180.23293 240.66252 179.7895 240.84625 179.32709 240.84625 curveto closepath fill
 1 1 1 setrgbcolor
newpath 61.76834 59.7757 moveto
61.76834 60.30411 61.55826 60.81093 61.1846 61.1846 curveto
60.81093 61.55826 60.30411 61.76834 59.7757 61.76834 curveto
59.24728 61.76834 58.74046 61.55826 58.36679 61.1846 curveto
57.99313 60.81093 57.78305 60.30411 57.78305 59.7757 curveto
57.78305 59.24728 57.99313 58.74046 58.36679 58.36679 curveto
58.74046 57.99313 59.24728 57.78305 59.7757 57.78305 curveto
60.30411 57.78305 60.81093 57.99313 61.1846 58.36679 curveto
61.55826 58.74046 61.76834 59.24728 61.76834 59.7757 curveto closepath fill
 0 0 0 setrgbcolor
newpath 61.76834 59.7757 moveto
61.76834 60.30411 61.55826 60.81093 61.1846 61.1846 curveto
60.81093 61.55826 60.30411 61.76834 59.7757 61.76834 curveto
59.24728 61.76834 58.74046 61.55826 58.36679 61.1846 curveto
57.99313 60.81093 57.78305 60.30411 57.78305 59.7757 curveto
57.78305 59.24728 57.99313 58.74046 58.36679 58.36679 curveto
58.74046 57.99313 59.24728 57.78305 59.7757 57.78305 curveto
60.30411 57.78305 60.81093 57.99313 61.1846 58.36679 curveto
61.55826 58.74046 61.76834 59.24728 61.76834 59.7757 curveto closepath stroke
 1 1 1 setrgbcolor
newpath 141.46927 139.47662 moveto
141.46927 140.00504 141.25919 140.51186 140.88553 140.88553 curveto
140.51186 141.25919 140.00504 141.46927 139.47662 141.46927 curveto
138.94821 141.46927 138.44139 141.25919 138.06772 140.88553 curveto
137.69406 140.51186 137.48398 140.00504 137.48398 139.47662 curveto
137.48398 138.94821 137.69406 138.44139 138.06772 138.06772 curveto
138.44139 137.69406 138.94821 137.48398 139.47662 137.48398 curveto
140.00504 137.48398 140.51186 137.69406 140.88553 138.06772 curveto
141.25919 138.44139 141.46927 138.94821 141.46927 139.47662 curveto closepath fill
 0 0 0 setrgbcolor
newpath 141.46927 139.47662 moveto
141.46927 140.00504 141.25919 140.51186 140.88553 140.88553 curveto
140.51186 141.25919 140.00504 141.46927 139.47662 141.46927 curveto
138.94821 141.46927 138.44139 141.25919 138.06772 140.88553 curveto
137.69406 140.51186 137.48398 140.00504 137.48398 139.47662 curveto
137.48398 138.94821 137.69406 138.44139 138.06772 138.06772 curveto
138.44139 137.69406 138.94821 137.48398 139.47662 137.48398 curveto
140.00504 137.48398 140.51186 137.69406 140.88553 138.06772 curveto
141.25919 138.44139 141.46927 138.94821 141.46927 139.47662 curveto closepath stroke
newpath 0 239.10278 moveto
199.25232 239.10278 lineto stroke
newpath 194.27101 241.59344 moveto
195.44695 240.02553 197.29243 239.10278 199.25232 239.10278 curveto
197.29243 239.10278 195.44695 238.18004 194.27101 236.61212 curveto stroke
 0.49814 0 dtransform exch truncate exch idtransform pop setlinewidth
newpath 99.62616 0 moveto
99.62616 298.87848 lineto stroke
 0 0.49814 dtransform truncate idtransform setlinewidth pop
newpath 97.1355 293.89717 moveto
98.70341 295.0731 99.62616 296.9186 99.62616 298.87848 curveto
99.62616 296.9186 100.5489 295.0731 102.11682 293.89717 curveto stroke
 0.49814 0 dtransform exch truncate exch idtransform pop setlinewidth
newpath 19.92523 237.11026 moveto
19.92523 241.0953 lineto stroke
newpath 39.85046 237.11026 moveto
39.85046 241.0953 lineto stroke
newpath 59.7757 237.11026 moveto
59.7757 241.0953 lineto stroke
newpath 79.70093 237.11026 moveto
79.70093 241.0953 lineto stroke
newpath 99.62616 237.11026 moveto
99.62616 241.0953 lineto stroke
newpath 119.55139 237.11026 moveto
119.55139 241.0953 lineto stroke
newpath 139.47662 237.11026 moveto
139.47662 241.0953 lineto stroke
newpath 159.40186 237.11026 moveto
159.40186 241.0953 lineto stroke
newpath 179.32709 237.11026 moveto
179.32709 241.0953 lineto stroke
 0 0.49814 dtransform truncate idtransform setlinewidth pop
newpath 101.61868 19.92523 moveto
97.63364 19.92523 lineto stroke
newpath 101.61868 39.85046 moveto
97.63364 39.85046 lineto stroke
newpath 101.61868 59.7757 moveto
97.63364 59.7757 lineto stroke
newpath 101.61868 79.70093 moveto
97.63364 79.70093 lineto stroke
newpath 101.61868 99.62616 moveto
97.63364 99.62616 lineto stroke
newpath 101.61868 119.55139 moveto
97.63364 119.55139 lineto stroke
newpath 101.61868 139.47662 moveto
97.63364 139.47662 lineto stroke
newpath 101.61868 159.40186 moveto
97.63364 159.40186 lineto stroke
newpath 101.61868 179.32709 moveto
97.63364 179.32709 lineto stroke
newpath 101.61868 199.25232 moveto
97.63364 199.25232 lineto stroke
newpath 101.61868 219.17755 moveto
97.63364 219.17755 lineto stroke
newpath 101.61868 239.10278 moveto
97.63364 239.10278 lineto stroke
newpath 101.61868 259.02802 moveto
97.63364 259.02802 lineto stroke
newpath 101.61868 278.95325 moveto
97.63364 278.95325 lineto stroke
showpage
%%EOF
