%!PS
%%BoundingBox: -1 -1 116 140 
%%HiResBoundingBox: -0.24907 -0.59993 115.03897 139.7257 
%%Creator: MetaPost 1.902
%%CreationDate: 2016.04.29:1300
%%Pages: 1
%%BeginProlog
%%EndProlog
%%Page: 1 1
 0 0 0 setrgbcolor 0 0.49814 dtransform truncate idtransform setlinewidth pop
 [] 0 setdash 1 setlinecap 1 setlinejoin 10 setmiterlimit
newpath 5.97748 -0.35086 moveto
6.85583 9.253 7.85185 18.85168 8.96553 28.4446 curveto
9.8448 36.01598 10.82713 43.58188 11.95541 51.13837 curveto
12.82008 56.93205 13.79832 62.71844 14.94347 68.49055 curveto
15.79128 72.76346 16.7622 77.02573 17.93289 81.26457 curveto
18.75652 84.24747 19.7156 87.21393 20.92094 90.13844 curveto
21.71356 92.06146 22.65395 93.95926 23.91083 95.76947 curveto
24.6697 96.86249 25.5996 97.90958 26.89888 98.7478 curveto
27.70837 99.26984 28.76323 99.59605 29.8883 99.62616 curveto
30.97417 99.65504 31.96562 99.30054 32.87682 98.90712 curveto
34.02744 98.41002 34.95276 97.72533 35.86487 97.0443 curveto
36.95712 96.22887 37.9016 95.33319 38.8543 94.44388 curveto
39.89592 93.47188 40.85362 92.46158 41.84235 91.46526 curveto
42.84657 90.45282 43.81296 89.42366 44.83223 88.41791 curveto
45.8059 87.45717 46.7741 86.49368 47.82028 85.56728 curveto
48.76888 84.72754 49.73843 83.89722 50.80971 83.12558 curveto
51.73778 82.4573 52.70963 81.81427 53.79776 81.26306 curveto
54.72127 80.79515 55.70726 80.37984 56.78764 80.0974 curveto
57.74124 79.84808 58.75095 79.70093 59.7757 79.70093 curveto
60.80045 79.70093 61.81015 79.84808 62.76375 80.0974 curveto
63.84413 80.37984 64.83012 80.79515 65.75363 81.26306 curveto
66.84177 81.81427 67.81361 82.4573 68.74168 83.12558 curveto
69.81296 83.89722 70.78252 84.72754 71.73111 85.56728 curveto
72.7773 86.49368 73.7455 87.45717 74.71916 88.41791 curveto
75.73843 89.42366 76.70482 90.45282 77.70905 91.46526 curveto
78.69777 92.46158 79.65547 93.47188 80.6971 94.44388 curveto
81.6498 95.33319 82.59427 96.22887 83.68652 97.0443 curveto
84.59863 97.72533 85.52396 98.41002 86.67503 98.90712 curveto
87.58623 99.30054 88.57768 99.65504 89.66309 99.62616 curveto
90.78816 99.59605 91.84302 99.26984 92.65251 98.7478 curveto
93.9518 97.90958 94.8817 96.86249 95.64056 95.76947 curveto
96.89745 93.95926 97.83783 92.06146 98.63045 90.13844 curveto
99.83578 87.21393 100.79488 84.24747 101.6185 81.26457 curveto
102.78918 77.02573 103.76012 72.76346 104.60793 68.49055 curveto
105.75307 62.71844 106.73131 56.93205 107.59598 51.13837 curveto
108.72426 43.58188 109.70659 36.01598 110.58586 28.4446 curveto
111.69954 18.85168 112.69556 9.253 113.57391 -0.35086 curveto stroke
newpath 114.7899 2.76163 moveto
113.9173 1.97333 113.46681 0.82019 113.57391 -0.35086 curveto
113.46681 0.82019 112.8146 1.87247 111.81349 2.48941 curveto stroke
newpath 7.7379 2.48941 moveto
6.73679 1.87247 6.08458 0.82019 5.97748 -0.35086 curveto
6.08458 0.82019 5.6341 1.97333 4.76149 2.76163 curveto stroke
newpath 0 99.62616 moveto
89.66354 99.62616 lineto stroke
newpath 84.68224 102.11682 moveto
85.85817 100.5489 87.70366 99.62616 89.66354 99.62616 curveto
87.70366 99.62616 85.85817 98.70341 84.68224 97.1355 curveto stroke
 0.49814 0 dtransform exch truncate exch idtransform pop setlinewidth
newpath 29.88785 0 moveto
29.88785 139.47662 lineto stroke
 0 0.49814 dtransform truncate idtransform setlinewidth pop
newpath 27.39719 134.49532 moveto
28.9651 135.67125 29.88785 137.51674 29.88785 139.47662 curveto
29.88785 137.51674 30.8106 135.67125 32.37851 134.49532 curveto stroke
newpath 89.66354 101.12056 moveto
89.26718 101.12056 88.88712 100.96307 88.60687 100.68283 curveto
88.32663 100.40259 88.16914 100.02252 88.16914 99.62616 curveto
88.16914 99.2298 88.32663 98.84973 88.60687 98.56949 curveto
88.88712 98.28925 89.26718 98.13176 89.66354 98.13176 curveto
90.0599 98.13176 90.43997 98.28925 90.72021 98.56949 curveto
91.00046 98.84973 91.15794 99.2298 91.15794 99.62616 curveto
91.15794 100.02252 91.00046 100.40259 90.72021 100.68283 curveto
90.43997 100.96307 90.0599 101.12056 89.66354 101.12056 curveto closepath fill
newpath 29.88785 101.12056 moveto
29.49149 101.12056 29.11142 100.96307 28.83118 100.68283 curveto
28.55093 100.40259 28.39345 100.02252 28.39345 99.62616 curveto
28.39345 99.2298 28.55093 98.84973 28.83118 98.56949 curveto
29.11142 98.28925 29.49149 98.13176 29.88785 98.13176 curveto
30.28421 98.13176 30.66428 98.28925 30.94452 98.56949 curveto
31.22476 98.84973 31.38225 99.2298 31.38225 99.62616 curveto
31.38225 100.02252 31.22476 100.40259 30.94452 100.68283 curveto
30.66428 100.96307 30.28421 101.12056 29.88785 101.12056 curveto closepath fill
 0.49814 0 dtransform exch truncate exch idtransform pop setlinewidth
newpath 59.7757 97.63364 moveto
59.7757 101.61868 lineto stroke
newpath 89.66354 97.63364 moveto
89.66354 101.61868 lineto stroke
 0 0.49814 dtransform truncate idtransform setlinewidth pop
newpath 31.88037 0 moveto
27.89532 0 lineto stroke
newpath 31.88037 19.92523 moveto
27.89532 19.92523 lineto stroke
newpath 31.88037 39.85046 moveto
27.89532 39.85046 lineto stroke
newpath 31.88037 59.7757 moveto
27.89532 59.7757 lineto stroke
newpath 31.88037 79.70093 moveto
27.89532 79.70093 lineto stroke
newpath 31.88037 119.55139 moveto
27.89532 119.55139 lineto stroke
showpage
%%EOF
