%!PS
%%BoundingBox: 5 -1 35 51 
%%HiResBoundingBox: 5.84984 -0.24892 34.00063 50.06215 
%%Creator: MetaPost 1.902
%%CreationDate: 2016.04.29:1300
%%Pages: 1
%%BeginProlog
%%EndProlog
%%Page: 1 1
 0 0 0 setrgbcolor 0 0.49814 dtransform truncate idtransform setlinewidth pop
 [] 0 setdash 1 setlinecap 1 setlinejoin 10 setmiterlimit
newpath 7.38728 0.00015 moveto
7.63675 3.67221 7.97104 7.34274 8.39015 11.01093 curveto
8.63976 13.1961 8.96706 15.379 9.39346 17.55733 curveto
9.63608 18.79695 9.96277 20.03226 10.39632 21.25873 curveto
10.63301 21.92805 10.96182 22.58858 11.39949 23.23215 curveto
11.63632 23.58057 11.97746 23.90877 12.40234 24.20923 curveto
12.6623 24.3931 13.02257 24.53258 13.40565 24.65054 curveto
13.70984 24.74419 14.06146 24.78615 14.40852 24.82704 curveto
14.73703 24.86572 15.07542 24.87424 15.41168 24.88701 curveto
15.74536 24.8997 16.08026 24.90001 16.41469 24.9032 curveto
16.74883 24.90639 17.08327 24.9057 17.41756 24.90623 curveto
18.42072 24.90654 lineto
19.42357 24.90654 lineto
20.4269 24.90654 lineto
21.42975 24.90654 lineto
22.4329 24.90685 lineto
22.7672 24.90738 23.10164 24.9067 23.43578 24.90988 curveto
23.7702 24.91307 24.1051 24.9133 24.43878 24.926 curveto
24.77504 24.93877 25.11343 24.94736 25.44194 24.98604 curveto
25.789 25.02701 26.14063 25.0689 26.44481 25.16254 curveto
26.8279 25.2805 27.18817 25.41998 27.44812 25.60385 curveto
27.873 25.90431 28.21414 26.23251 28.45097 26.58093 curveto
28.88864 27.2245 29.21745 27.88503 29.45415 28.55435 curveto
29.8877 29.78082 30.21439 31.01605 30.457 32.25568 curveto
30.8834 34.434 31.21071 36.6169 31.46031 38.80208 curveto
31.87943 42.47034 32.21371 46.14095 32.46318 49.81308 curveto stroke
newpath 30.76965 46.93246 moveto
31.75606 47.57263 32.38348 48.63986 32.46318 49.81308 curveto
32.38348 48.63986 32.8608 47.49759 33.75156 46.72989 curveto stroke
newpath 9.08081 2.88077 moveto
8.0944 2.2406 7.46698 1.17337 7.38728 0.00015 curveto
7.46698 1.17337 6.98967 2.31564 6.0989 3.08334 curveto stroke
showpage
%%EOF
