%!PS
%%BoundingBox: -1 -1 150 75 
%%HiResBoundingBox: -0.24907 -0.24907 149.68831 74.96869 
%%Creator: MetaPost 1.902
%%CreationDate: 2016.04.29:1300
%%Pages: 1
%%BeginProlog
%%EndProlog
%%Page: 1 1
 0 0 0 setrgbcolor 0 0.49814 dtransform truncate idtransform setlinewidth pop
 [] 0 setdash 1 setlinecap 1 setlinejoin 10 setmiterlimit
newpath 41.84303 72.91296 moveto
42.26031 64.5647 42.75856 56.22076 43.33774 47.88231 curveto
43.75504 41.87587 44.24164 35.87422 44.83246 29.88214 curveto
45.23766 25.77243 45.71788 21.67024 46.3258 17.5856 curveto
46.71458 14.97289 47.18318 12.3718 47.82051 9.80809 curveto
48.18399 8.34622 48.62704 6.89961 49.31522 5.55882 curveto
49.65703 4.89253 50.11627 4.26273 50.80994 3.98271 curveto
51.3141 3.77931 51.85065 4.03629 52.30351 4.3528 curveto
52.93195 4.7922 53.36087 5.44344 53.79822 6.0712 curveto
54.36577 6.88548 54.82547 7.76749 55.29292 8.64265 curveto
55.82286 9.63457 56.29898 10.65407 56.78764 11.66696 curveto
57.29523 12.71953 57.77795 13.78395 58.28099 14.8388 curveto
58.77397 15.87245 59.26059 16.90929 59.7757 17.93198 curveto
60.2573 18.88786 60.7464 19.8401 61.2704 20.7734 curveto
61.74356 21.61597 62.23495 22.44849 62.76512 23.2564 curveto
63.23235 23.96829 63.72374 24.66446 64.25847 25.3271 curveto
64.72227 25.90172 65.218 26.45035 65.75317 26.9593 curveto
66.21858 27.4019 66.71773 27.80757 67.24788 28.16989 curveto
67.71967 28.49232 68.22156 28.768 68.7426 29.0022 curveto
69.22328 29.21814 69.72585 29.3805 70.23595 29.51297 curveto
70.72643 29.64021 71.22786 29.71729 71.73065 29.77817 curveto
72.22661 29.83813 72.72621 29.85638 73.22536 29.87462 curveto
73.72337 29.89287 74.22183 29.88374 74.72008 29.88785 curveto
75.21785 29.89195 75.71587 29.88237 76.21365 29.89925 curveto
76.71257 29.91635 77.21194 29.93596 77.70836 29.98978 curveto
78.21002 30.04428 78.71077 30.11246 79.20306 30.22372 curveto
79.71043 30.3382 80.21095 30.4814 80.69778 30.66473 curveto
81.21085 30.85786 81.71068 31.08476 82.19113 31.34859 curveto
82.71034 31.63362 83.2088 31.95468 83.68584 32.30583 curveto
84.20825 32.69029 84.70465 33.10826 85.18054 33.54881 curveto
85.70296 34.03223 86.198 34.5446 86.67526 35.07271 curveto
87.19516 35.64801 87.68793 36.24658 88.16861 36.85497 curveto
88.68463 37.50803 89.17784 38.17888 89.66331 38.85498 curveto
90.17455 39.56711 90.66685 40.29245 91.15802 41.01872 curveto
91.66356 41.76642 92.15541 42.52301 92.65274 43.27596 curveto
93.15166 44.0314 93.64238 44.7921 94.14632 45.54413 curveto
94.6384 46.2786 95.12865 47.0142 95.64102 47.73477 curveto
96.12558 48.41612 96.6147 49.09427 97.13573 49.74802 curveto
97.61208 50.3459 98.0996 50.93558 98.63045 51.48558 curveto
99.09836 51.97035 99.58519 52.43849 100.1238 52.8437 curveto
100.58896 53.19373 101.0799 53.51273 101.6185 53.73438 curveto
102.09485 53.93047 102.59787 54.06296 103.1132 54.07413 curveto
103.62491 54.0853 104.13318 53.99068 104.60793 53.79936 curveto
105.15518 53.57886 105.65068 53.25119 106.10127 52.8706 curveto
106.65947 52.39905 107.14632 51.85133 107.59598 51.27579 curveto
108.1478 50.56937 108.63235 49.81392 109.09068 49.04341 curveto
109.63089 48.13542 110.11566 47.19595 110.5854 46.24963 curveto
111.11237 45.1884 111.59578 44.10641 112.07875 43.02443 curveto
112.59203 41.8745 113.07385 40.71088 113.57346 39.55502 curveto
114.07033 38.40576 114.54622 37.24716 115.06818 36.10909 curveto
115.54315 35.07362 116.00536 34.03085 116.56288 33.0369 curveto
117.0057 32.24747 117.43257 31.43912 118.05646 30.78171 curveto
118.48149 30.33386 118.9412 29.83882 119.55116 29.88785 curveto
120.2097 29.94098 120.70795 30.44675 121.04587 31.0225 curveto
121.76393 32.2461 122.18896 33.60901 122.54059 34.98218 curveto
123.19046 37.52057 123.652 40.10182 124.03394 42.6938 curveto
124.64891 46.86804 125.12686 51.06076 125.52864 55.26077 curveto
126.12357 61.47905 126.6218 67.70622 127.02336 73.94 curveto stroke
newpath 125.33992 71.05348 moveto
126.32408 71.69711 126.94777 72.76651 127.02336 73.94 curveto
126.94777 72.76651 127.4291 71.62592 128.32253 70.86134 curveto stroke
newpath 40.49973 69.8533 moveto
41.40407 70.60493 41.90175 71.7385 41.84303 72.91296 curveto
41.90175 71.7385 42.51 70.66023 43.48477 70.00253 curveto stroke
newpath 0 29.88785 moveto
149.43924 29.88785 lineto stroke
newpath 144.45793 32.37851 moveto
145.63387 30.8106 147.47935 29.88785 149.43924 29.88785 curveto
147.47935 29.88785 145.63387 28.9651 144.45793 27.39719 curveto stroke
 0.49814 0 dtransform exch truncate exch idtransform pop setlinewidth
newpath 74.71962 0 moveto
74.71962 74.71962 lineto stroke
 0 0.49814 dtransform truncate idtransform setlinewidth pop
newpath 72.22896 69.73831 moveto
73.79688 70.91425 74.71962 72.75974 74.71962 74.71962 curveto
74.71962 72.75974 75.64236 70.91425 77.21028 69.73831 curveto stroke
newpath 44.83177 31.38225 moveto
44.43541 31.38225 44.05534 31.22476 43.7751 30.94452 curveto
43.49486 30.66428 43.33737 30.28421 43.33737 29.88785 curveto
43.33737 29.49149 43.49486 29.11142 43.7751 28.83118 curveto
44.05534 28.55093 44.43541 28.39345 44.83177 28.39345 curveto
45.22813 28.39345 45.6082 28.55093 45.88844 28.83118 curveto
46.16869 29.11142 46.32617 29.49149 46.32617 29.88785 curveto
46.32617 30.28421 46.16869 30.66428 45.88844 30.94452 curveto
45.6082 31.22476 45.22813 31.38225 44.83177 31.38225 curveto closepath fill
newpath 74.71962 31.38225 moveto
74.32326 31.38225 73.94319 31.22476 73.66295 30.94452 curveto
73.3827 30.66428 73.22522 30.28421 73.22522 29.88785 curveto
73.22522 29.49149 73.3827 29.11142 73.66295 28.83118 curveto
73.94319 28.55093 74.32326 28.39345 74.71962 28.39345 curveto
75.11598 28.39345 75.49605 28.55093 75.77629 28.83118 curveto
76.05653 29.11142 76.21402 29.49149 76.21402 29.88785 curveto
76.21402 30.28421 76.05653 30.66428 75.77629 30.94452 curveto
75.49605 31.22476 75.11598 31.38225 74.71962 31.38225 curveto closepath fill
newpath 119.55139 31.38225 moveto
119.15503 31.38225 118.77496 31.22476 118.49472 30.94452 curveto
118.21448 30.66428 118.05699 30.28421 118.05699 29.88785 curveto
118.05699 29.49149 118.21448 29.11142 118.49472 28.83118 curveto
118.77496 28.55093 119.15503 28.39345 119.55139 28.39345 curveto
119.94775 28.39345 120.32782 28.55093 120.60806 28.83118 curveto
120.8883 29.11142 121.04579 29.49149 121.04579 29.88785 curveto
121.04579 30.28421 120.8883 30.66428 120.60806 30.94452 curveto
120.32782 31.22476 119.94775 31.38225 119.55139 31.38225 curveto closepath fill
 0.49814 0 dtransform exch truncate exch idtransform pop setlinewidth
newpath 14.94392 27.89532 moveto
14.94392 31.88037 lineto stroke
newpath 29.88785 27.89532 moveto
29.88785 31.88037 lineto stroke
newpath 44.83177 27.89532 moveto
44.83177 31.88037 lineto stroke
newpath 59.7757 27.89532 moveto
59.7757 31.88037 lineto stroke
newpath 89.66354 27.89532 moveto
89.66354 31.88037 lineto stroke
newpath 104.60747 27.89532 moveto
104.60747 31.88037 lineto stroke
newpath 119.55139 27.89532 moveto
119.55139 31.88037 lineto stroke
newpath 134.49532 27.89532 moveto
134.49532 31.88037 lineto stroke
showpage
%%EOF
