%!PS
%%BoundingBox: -61 -1 180 256 
%%HiResBoundingBox: -60.02477 -0.24907 179.57616 255.29204 
%%Creator: MetaPost 1.902
%%CreationDate: 2016.04.29:1300
%%Pages: 1
%%BeginProlog
%%EndProlog
%%Page: 1 1
 0 0 0 setrgbcolor 0 0.49814 dtransform truncate idtransform setlinewidth pop
 [] 0 setdash 1 setlinecap 1 setlinejoin 10 setmiterlimit
newpath -14.94392 143.46167 moveto
-14.00583 136.04529 -13.00981 128.62952 -11.95587 121.21422 curveto
-11.01686 114.60997 -10.02495 108.00633 -8.96507 101.40343 curveto
-8.032 95.59149 -7.0419 89.78017 -5.97702 83.96994 curveto
-5.04987 78.9119 -4.06114 73.8547 -2.98897 68.79872 curveto
-2.0691 64.46269 -1.08267 60.12764 -0.00092 55.7943 curveto
0.90982 52.14575 1.89398 48.49843 2.98943 44.85342 curveto
3.88693 41.86584 4.86562 38.88011 5.97748 35.89764 curveto
6.85767 33.53554 7.82768 31.17574 8.96553 28.82141 curveto
9.82155 27.05084 10.7756 25.28342 11.95633 23.5261 curveto
12.76993 22.31519 13.6834 21.10829 14.94438 19.92487 curveto
15.68637 19.22862 16.47945 18.52898 17.93243 17.91666 curveto
18.653 17.61299 19.67546 17.32683 20.92049 17.4066 curveto
22.45146 17.50475 23.18478 17.92407 23.91083 18.29962 curveto
25.2548 18.99477 26.09805 19.7472 26.89934 20.49913 curveto
28.09602 21.6226 29.02545 22.76468 29.88739 23.90967 curveto
31.01932 25.41293 31.97931 26.92485 32.87773 28.4393 curveto
33.97226 30.28407 34.945 32.13382 35.86578 33.98538 curveto
36.93704 36.13966 37.9171 38.29697 38.85384 40.45561 curveto
39.90915 42.8868 40.89285 45.31993 41.84189 47.75415 curveto
42.8858 50.43259 43.87361 53.11247 44.83269 55.7932 curveto
45.86656 58.68214 46.85481 61.57217 47.82074 64.46269 curveto
48.84686 67.53235 49.83603 70.60298 50.80879 73.67386 curveto
51.82898 76.89493 52.81999 80.11661 53.79913 83.33852 curveto
54.81293 86.67415 55.80348 90.01027 56.78719 93.3465 curveto
57.79552 96.76726 58.78697 100.18839 59.77524 103.60962 curveto
60.779 107.08365 61.77046 110.5578 62.76329 114.03206 curveto
63.76341 117.53041 64.75578 121.029 65.75409 124.52747 curveto
66.74873 128.01231 67.74019 131.49716 68.74214 134.98189 curveto
69.73222 138.42418 70.72324 141.86646 71.7302 145.3085 curveto
72.71619 148.67964 73.7081 152.05066 74.721 155.42131 curveto
75.70105 158.68324 76.69159 161.94493 77.70905 165.20601 curveto
78.68362 168.33002 79.67326 171.4538 80.6971 174.57672 curveto
81.6653 177.53085 82.65402 180.4846 83.68515 183.43727 curveto
84.64697 186.19196 85.63478 188.94603 86.67549 191.69864 curveto
87.62773 194.21774 88.6128 196.73601 89.66354 199.25232 curveto
90.60484 201.50644 91.58626 203.75934 92.6516 206.00943 curveto
93.57921 207.96852 94.55562 209.92601 95.6424 211.87926 curveto
96.54857 213.50851 97.51358 215.13559 98.63045 216.7555 curveto
99.50652 218.02635 100.44873 219.2943 101.6185 220.54826 curveto
102.44395 221.43312 103.32733 222.31604 104.60655 223.16199 curveto
105.34764 223.65198 106.06046 224.16566 107.5969 224.5017 curveto
108.4789 224.69456 109.76222 224.68047 110.5854 224.46971 curveto
112.14099 224.07143 112.86339 223.51321 113.57346 222.97166 curveto
114.88051 221.97467 115.76889 220.94376 116.5638 219.9093 curveto
117.76457 218.34656 118.70815 216.77094 119.55185 215.19165 curveto
120.7011 213.04018 121.66702 210.88214 122.5399 208.72142 curveto
123.65906 205.9519 124.63547 203.1785 125.52795 200.40315 curveto
126.62842 196.9813 127.6112 193.55678 128.51875 190.13078 curveto
129.60461 186.0313 130.59013 181.93 131.5068 177.82747 curveto
132.58217 173.01593 133.56999 168.20306 134.49486 163.3892 curveto
135.56293 157.82939 136.55348 152.26846 137.4852 146.70694 curveto
138.54597 140.37547 139.53697 134.04315 140.47325 127.71036 curveto
141.529 120.57149 142.52046 113.43202 143.4613 106.29195 curveto
144.51251 98.31383 145.50488 90.33522 146.44936 82.35625 curveto
147.49782 73.49861 148.49156 64.64063 149.44016 55.78214 curveto
150.48451 46.02931 151.48053 36.27611 152.4282 26.52255 curveto stroke
newpath 153.62656 29.64186 moveto
152.75845 28.84863 152.31448 27.69298 152.4282 26.52255 curveto
152.31448 27.69298 151.65634 28.74155 150.65176 29.3528 curveto stroke
newpath -16.05145 140.30898 moveto
-15.20668 141.12701 -14.79636 142.29503 -14.94392 143.46167 curveto
-14.79636 142.29503 -14.10814 141.26596 -13.08627 140.68404 curveto stroke
 0.49814 0 dtransform exch truncate exch idtransform pop setlinewidth
newpath -29.88785 53.79813 moveto
-29.88785 57.78317 lineto stroke
newpath 29.88785 53.79813 moveto
29.88785 57.78317 lineto stroke
newpath 59.7757 53.79813 moveto
59.7757 57.78317 lineto stroke
newpath 89.66354 53.79813 moveto
89.66354 57.78317 lineto stroke
newpath 119.55139 53.79813 moveto
119.55139 57.78317 lineto stroke
newpath 149.43924 53.79813 moveto
149.43924 57.78317 lineto stroke
 0 0.49814 dtransform truncate idtransform setlinewidth pop
newpath 1.99252 7.9701 moveto
-1.99252 7.9701 lineto stroke
newpath 1.99252 31.88037 moveto
-1.99252 31.88037 lineto stroke
newpath 1.99252 79.70093 moveto
-1.99252 79.70093 lineto stroke
newpath 1.99252 103.6112 moveto
-1.99252 103.6112 lineto stroke
newpath 1.99252 127.52148 moveto
-1.99252 127.52148 lineto stroke
newpath 1.99252 151.43176 moveto
-1.99252 151.43176 lineto stroke
newpath 1.99252 175.34204 moveto
-1.99252 175.34204 lineto stroke
newpath 1.99252 199.25232 moveto
-1.99252 199.25232 lineto stroke
newpath 1.99252 223.1626 moveto
-1.99252 223.1626 lineto stroke
newpath 1.99252 247.07288 moveto
-1.99252 247.07288 lineto stroke
newpath -59.7757 55.79065 moveto
179.32709 55.79065 lineto stroke
newpath 176.3383 57.28505 moveto
177.04385 56.3443 178.15115 55.79065 179.32709 55.79065 curveto
178.15115 55.79065 177.04385 55.237 176.3383 54.29625 curveto stroke
newpath -56.78691 54.29625 moveto
-57.49246 55.237 -58.59976 55.79065 -59.7757 55.79065 curveto
-58.59976 55.79065 -57.49246 56.3443 -56.78691 57.28505 curveto stroke
 0.49814 0 dtransform exch truncate exch idtransform pop setlinewidth
newpath 0 0 moveto
0 255.04297 lineto stroke
 0 0.49814 dtransform truncate idtransform setlinewidth pop
newpath -1.4944 252.05418 moveto
-0.55365 252.75974 0 253.86703 0 255.04297 curveto
0 253.86703 0.55365 252.75974 1.4944 252.05418 curveto stroke
newpath 1.4944 2.98878 moveto
0.55365 2.28323 0 1.17593 0 0 curveto
0 1.17593 -0.55365 2.28323 -1.4944 2.98878 curveto stroke
newpath 0 57.23523 moveto
-0.38315 57.23523 -0.75055 57.08301 -1.02145 56.8121 curveto
-1.29236 56.5412 -1.44458 56.1738 -1.44458 55.79065 curveto
-1.44458 55.4075 -1.29236 55.0401 -1.02145 54.7692 curveto
-0.75055 54.49829 -0.38315 54.34607 0 54.34607 curveto
0.38315 54.34607 0.75055 54.49829 1.02145 54.7692 curveto
1.29236 55.0401 1.44458 55.4075 1.44458 55.79065 curveto
1.44458 56.1738 1.29236 56.5412 1.02145 56.8121 curveto
0.75055 57.08301 0.38315 57.23523 0 57.23523 curveto closepath fill
newpath 44.83177 57.23523 moveto
44.44862 57.23523 44.08122 57.08301 43.81032 56.8121 curveto
43.53941 56.5412 43.38719 56.1738 43.38719 55.79065 curveto
43.38719 55.4075 43.53941 55.0401 43.81032 54.7692 curveto
44.08122 54.49829 44.44862 54.34607 44.83177 54.34607 curveto
45.21492 54.34607 45.58232 54.49829 45.85323 54.7692 curveto
46.12413 55.0401 46.27635 55.4075 46.27635 55.79065 curveto
46.27635 56.1738 46.12413 56.5412 45.85323 56.8121 curveto
45.58232 57.08301 45.21492 57.23523 44.83177 57.23523 curveto closepath fill
newpath 149.43924 57.23523 moveto
149.05609 57.23523 148.68869 57.08301 148.41779 56.8121 curveto
148.14688 56.5412 147.99466 56.1738 147.99466 55.79065 curveto
147.99466 55.4075 148.14688 55.0401 148.41779 54.7692 curveto
148.68869 54.49829 149.05609 54.34607 149.43924 54.34607 curveto
149.82239 54.34607 150.18979 54.49829 150.4607 54.7692 curveto
150.7316 55.0401 150.88382 55.4075 150.88382 55.79065 curveto
150.88382 56.1738 150.7316 56.5412 150.4607 56.8121 curveto
150.18979 57.08301 149.82239 57.23523 149.43924 57.23523 curveto closepath fill
showpage
%%EOF
