%!PS
%%BoundingBox: -1 -3 200 156 
%%HiResBoundingBox: -0.24907 -2.49066 199.50139 155.66588 
%%Creator: MetaPost 1.902
%%CreationDate: 2016.04.29:1300
%%Pages: 1
%%BeginProlog
%%EndProlog
%%Page: 1 1
 0 0 0 setrgbcolor 0 0.49814 dtransform truncate idtransform setlinewidth pop
 [] 0 setdash 1 setlinecap 1 setlinejoin 10 setmiterlimit
newpath 34.86916 -2.2416 moveto
35.52344 0.50768 36.18745 3.25667 36.86119 6.00548 curveto
37.51547 8.67503 38.17918 11.34439 38.85323 14.01358 curveto
39.50781 16.60623 40.17244 19.19862 40.8474 21.79082 curveto
41.50107 24.30103 42.16478 26.81096 42.83943 29.3207 curveto
43.4928 31.75128 44.15651 34.18149 44.83147 36.61153 curveto
45.48453 38.96237 46.14824 41.31305 46.8235 43.66336 curveto
47.47688 45.93706 48.14119 48.21039 48.81767 50.48344 curveto
49.46982 52.67496 50.13353 54.8662 50.80971 57.05708 curveto
51.46156 59.16896 52.12495 61.28058 52.80174 63.39174 curveto
53.45299 65.424 54.1167 67.45589 54.79378 69.48743 curveto
55.44533 71.44206 56.10965 73.39642 56.78795 75.35025 curveto
57.43828 77.22316 58.10168 79.09572 58.77998 80.96771 curveto
59.4297 82.761 60.09311 84.55385 60.77202 86.34613 curveto
61.42113 88.05978 62.08453 89.773 62.76405 91.48566 curveto
63.41257 93.11969 64.07567 94.75327 64.75609 96.38612 curveto
65.4046 97.94217 66.06831 99.49768 66.75026 101.05244 curveto
67.39694 102.52724 68.06004 104.00137 68.7423 105.4747 curveto
69.38837 106.86986 70.05116 108.26437 70.73433 109.65797 curveto
71.37918 110.97359 72.04198 112.28839 72.72636 113.60228 curveto
73.37093 114.83965 74.03433 116.0761 74.72054 117.31145 curveto
75.36296 118.4679 76.02545 119.62335 76.71257 120.77753 curveto
77.35347 121.85446 78.01596 122.93028 78.7046 124.00456 curveto
79.344 125.00204 80.00618 125.99825 80.69664 126.9927 curveto
81.3342 127.91083 81.99579 128.82732 82.68867 129.74179 curveto
83.32472 130.58139 83.98691 131.41914 84.68285 132.25446 curveto
85.31554 133.01387 85.97652 133.7711 86.67488 134.52533 curveto
87.30484 135.20557 87.9649 135.88336 88.66692 136.55722 curveto
89.29323 137.15857 89.95238 137.75682 90.65895 138.35014 curveto
91.28192 138.87332 91.94077 139.39268 92.65312 139.90556 curveto
93.27061 140.35002 93.92732 140.78957 94.64516 141.22026 curveto
95.25687 141.58739 95.91206 141.94794 96.63719 142.296 curveto
97.24344 142.58696 97.8968 142.86908 98.62923 143.13268 curveto
99.23244 143.34984 99.88733 143.55424 100.6234 143.73093 curveto
101.23116 143.87677 101.89244 144.00264 102.61543 144.08939 curveto
103.24995 144.16545 103.924 144.20886 104.60747 144.20886 curveto
105.29094 144.20886 105.96498 144.16545 106.5995 144.08939 curveto
107.3225 144.00264 107.98378 143.87677 108.59154 143.73093 curveto
109.3276 143.55424 109.9825 143.34984 110.58571 143.13268 curveto
111.31813 142.86908 111.9715 142.58696 112.57774 142.296 curveto
113.30287 141.94794 113.95807 141.58739 114.56978 141.22026 curveto
115.28761 140.78957 115.94432 140.35002 116.56181 139.90556 curveto
117.27417 139.39268 117.93301 138.87332 118.55598 138.35014 curveto
119.26256 137.75682 119.9217 137.15857 120.54802 136.55722 curveto
121.25003 135.88336 121.9101 135.20557 122.54005 134.52533 curveto
123.23842 133.7711 123.8994 133.01387 124.53209 132.25446 curveto
125.22803 131.41914 125.89021 130.58139 126.52626 129.74179 curveto
127.21915 128.82732 127.88074 127.91083 128.5183 126.9927 curveto
129.20876 125.99825 129.87094 125.00204 130.51033 124.00456 curveto
131.19897 122.93028 131.86147 121.85446 132.50237 120.77753 curveto
133.18948 119.62335 133.85197 118.4679 134.4944 117.31145 curveto
135.1806 116.0761 135.84401 114.83965 136.48857 113.60228 curveto
137.17296 112.28839 137.83575 110.97359 138.4806 109.65797 curveto
139.16377 108.26437 139.82657 106.86986 140.47264 105.4747 curveto
141.15489 104.00137 141.818 102.52724 142.46468 101.05244 curveto
143.14662 99.49768 143.81033 97.94217 144.45885 96.38612 curveto
145.13927 94.75327 145.80237 93.11969 146.45088 91.48566 curveto
147.1304 89.773 147.79381 88.05978 148.44292 86.34613 curveto
149.12183 84.55385 149.78523 82.761 150.43495 80.96771 curveto
151.11325 79.09572 151.77666 77.22316 152.42699 75.35025 curveto
153.10529 73.39642 153.7696 71.44206 154.42116 69.48743 curveto
155.09824 67.45589 155.76195 65.424 156.4132 63.39174 curveto
157.08998 61.28058 157.75337 59.16896 158.40523 57.05708 curveto
159.0814 54.8662 159.74512 52.67496 160.39726 50.48344 curveto
161.07375 48.21039 161.73805 45.93706 162.39143 43.66336 curveto
163.0667 41.31305 163.73041 38.96237 164.38347 36.61153 curveto
165.05843 34.18149 165.72214 31.75128 166.3755 29.3207 curveto
167.05016 26.81096 167.71387 24.30103 168.36754 21.79082 curveto
169.0425 19.19862 169.70712 16.60623 170.36171 14.01358 curveto
171.03575 11.34439 171.69946 8.67503 172.35374 6.00548 curveto
173.02748 3.25667 173.6915 0.50768 174.34578 -2.2416 curveto stroke
newpath 175.10759 1.01196 moveto
174.35576 0.10779 174.07353 -1.09761 174.34578 -2.2416 curveto
174.07353 -1.09761 173.27855 -0.14859 172.20003 0.31998 curveto stroke
newpath 37.01491 0.31998 moveto
35.93639 -0.14859 35.1414 -1.09761 34.86916 -2.2416 curveto
35.1414 -1.09761 34.85918 0.10779 34.10735 1.01196 curveto stroke
 0.49814 0 dtransform exch truncate exch idtransform pop setlinewidth
newpath 39.85046 105.60373 moveto
39.85046 109.58878 lineto stroke
newpath 59.7757 105.60373 moveto
59.7757 109.58878 lineto stroke
newpath 79.70093 105.60373 moveto
79.70093 109.58878 lineto stroke
newpath 99.62616 105.60373 moveto
99.62616 109.58878 lineto stroke
newpath 119.55139 105.60373 moveto
119.55139 109.58878 lineto stroke
newpath 139.47662 105.60373 moveto
139.47662 109.58878 lineto stroke
newpath 159.40186 105.60373 moveto
159.40186 109.58878 lineto stroke
newpath 179.32709 105.60373 moveto
179.32709 109.58878 lineto stroke
 0 0.49814 dtransform truncate idtransform setlinewidth pop
newpath 41.84299 11.95514 moveto
37.85794 11.95514 lineto stroke
newpath 41.84299 23.91028 moveto
37.85794 23.91028 lineto stroke
newpath 41.84299 35.86542 moveto
37.85794 35.86542 lineto stroke
newpath 41.84299 47.82056 moveto
37.85794 47.82056 lineto stroke
newpath 41.84299 59.7757 moveto
37.85794 59.7757 lineto stroke
newpath 41.84299 71.73083 moveto
37.85794 71.73083 lineto stroke
newpath 41.84299 83.68597 moveto
37.85794 83.68597 lineto stroke
newpath 41.84299 95.64111 moveto
37.85794 95.64111 lineto stroke
newpath 41.84299 107.59625 moveto
37.85794 107.59625 lineto stroke
newpath 41.84299 119.55139 moveto
37.85794 119.55139 lineto stroke
newpath 41.84299 131.50653 moveto
37.85794 131.50653 lineto stroke
newpath 41.84299 143.46167 moveto
37.85794 143.46167 lineto stroke
newpath 0 107.59625 moveto
199.25232 107.59625 lineto stroke
newpath 196.26353 109.09065 moveto
196.96909 108.1499 198.07639 107.59625 199.25232 107.59625 curveto
198.07639 107.59625 196.96909 107.0426 196.26353 106.10185 curveto stroke
newpath 2.98878 106.10185 moveto
2.28323 107.0426 1.17593 107.59625 0 107.59625 curveto
1.17593 107.59625 2.28323 108.1499 2.98878 109.09065 curveto stroke
 0.49814 0 dtransform exch truncate exch idtransform pop setlinewidth
newpath 39.85046 0 moveto
39.85046 155.41681 lineto stroke
 0 0.49814 dtransform truncate idtransform setlinewidth pop
newpath 38.35606 152.42802 moveto
39.29681 153.13358 39.85046 154.24088 39.85046 155.41681 curveto
39.85046 154.24088 40.40411 153.13358 41.34486 152.42802 curveto stroke
newpath 41.34486 2.98878 moveto
40.40411 2.28323 39.85046 1.17593 39.85046 0 curveto
39.85046 1.17593 39.29681 2.28323 38.35606 2.98878 curveto stroke
newpath 69.73831 109.04083 moveto
69.35516 109.04083 68.98776 108.88861 68.71686 108.6177 curveto
68.44595 108.3468 68.29373 107.9794 68.29373 107.59625 curveto
68.29373 107.2131 68.44595 106.8457 68.71686 106.5748 curveto
68.98776 106.3039 69.35516 106.15167 69.73831 106.15167 curveto
70.12146 106.15167 70.48886 106.3039 70.75977 106.5748 curveto
71.03067 106.8457 71.18289 107.2131 71.18289 107.59625 curveto
71.18289 107.9794 71.03067 108.3468 70.75977 108.6177 curveto
70.48886 108.88861 70.12146 109.04083 69.73831 109.04083 curveto closepath fill
newpath 139.47662 109.04083 moveto
139.09348 109.04083 138.72607 108.88861 138.45517 108.6177 curveto
138.18427 108.3468 138.03204 107.9794 138.03204 107.59625 curveto
138.03204 107.2131 138.18427 106.8457 138.45517 106.5748 curveto
138.72607 106.3039 139.09348 106.15167 139.47662 106.15167 curveto
139.85977 106.15167 140.22717 106.3039 140.49808 106.5748 curveto
140.76898 106.8457 140.9212 107.2131 140.9212 107.59625 curveto
140.9212 107.9794 140.76898 108.3468 140.49808 108.6177 curveto
140.22717 108.88861 139.85977 109.04083 139.47662 109.04083 curveto closepath fill
newpath 39.85046 19.37729 moveto
39.46732 19.37729 39.09991 19.22507 38.82901 18.95416 curveto
38.5581 18.68326 38.40588 18.31586 38.40588 17.93271 curveto
38.40588 17.54956 38.5581 17.18216 38.82901 16.91125 curveto
39.09991 16.64035 39.46732 16.48813 39.85046 16.48813 curveto
40.23361 16.48813 40.60101 16.64035 40.87192 16.91125 curveto
41.14282 17.18216 41.29504 17.54956 41.29504 17.93271 curveto
41.29504 18.31586 41.14282 18.68326 40.87192 18.95416 curveto
40.60101 19.22507 40.23361 19.37729 39.85046 19.37729 curveto closepath fill
showpage
%%EOF
