%!PS
%%BoundingBox: 4 -1 36 51 
%%HiResBoundingBox: 4.76239 -0.27393 35.08803 50.08716 
%%Creator: MetaPost 1.902
%%CreationDate: 2016.04.29:1300
%%Pages: 1
%%BeginProlog
%%EndProlog
%%Page: 1 1
 0 0 0 setrgbcolor 0 0.49814 dtransform truncate idtransform setlinewidth pop
 [] 0 setdash 1 setlinecap 1 setlinejoin 10 setmiterlimit
newpath 6.17677 49.83809 moveto
6.45451 47.26291 6.7818 44.6891 7.15895 42.11713 curveto
7.43654 40.22313 7.76004 38.3309 8.14084 36.44131 curveto
8.41493 35.08168 8.73781 33.72453 9.12302 32.37166 curveto
9.39285 31.42383 9.71544 30.4798 10.10475 29.54239 curveto
10.37079 28.90193 10.69382 28.26772 11.08694 27.64384 curveto
11.35039 27.22565 11.6757 26.81763 12.06882 26.42564 curveto
12.33516 26.16008 12.6667 25.9123 13.05101 25.68562 curveto
13.33072 25.52061 13.66986 25.38426 14.03319 25.26697 curveto
14.33495 25.16953 14.67303 25.10591 15.01508 25.0514 curveto
15.33385 25.00064 15.666 24.97662 15.99725 24.95404 curveto
16.32257 24.93193 16.65108 24.92546 16.97899 24.91779 curveto
17.30612 24.91011 17.63373 24.90996 17.96117 24.90807 curveto
18.28847 24.90623 18.61575 24.90685 18.94305 24.90662 curveto
19.92523 24.90654 lineto
20.90741 24.90654 lineto
21.23471 24.90631 21.562 24.907 21.8893 24.90509 curveto
22.21674 24.9032 22.54434 24.90297 22.87148 24.8953 curveto
23.19939 24.88762 23.5279 24.88123 23.85321 24.85912 curveto
24.18462 24.83653 24.51662 24.81252 24.83539 24.76175 curveto
25.17743 24.70724 25.51552 24.64355 25.81728 24.54611 curveto
26.1806 24.42874 26.51974 24.29247 26.79945 24.12746 curveto
27.18376 23.90079 27.5153 23.653 27.78165 23.38744 curveto
28.17476 22.99545 28.50008 22.58743 28.76352 22.16924 curveto
29.15665 21.54536 29.47968 20.91107 29.74571 20.27061 curveto
30.13503 19.3332 30.45761 18.38925 30.72745 17.44142 curveto
31.11266 16.08847 31.43553 14.7314 31.70963 13.37169 curveto
32.09042 11.4821 32.41393 9.58987 32.69151 7.69588 curveto
33.06851 5.12398 33.39595 2.55025 33.67369 -0.02486 curveto stroke
newpath 34.83896 3.10695 moveto
33.9793 2.30458 33.54759 1.14429 33.67369 -0.02486 curveto
33.54759 1.14429 32.87837 2.18584 31.8674 2.78642 curveto stroke
newpath 5.01146 46.70631 moveto
5.87112 47.50867 6.30286 48.66895 6.17677 49.83809 curveto
6.30286 48.66895 6.97205 47.62738 7.98302 47.02678 curveto stroke
showpage
%%EOF
