%!PS
%%BoundingBox: 5 -1 35 51 
%%HiResBoundingBox: 5.84984 -0.24907 34.00063 50.062 
%%Creator: MetaPost 1.902
%%CreationDate: 2016.04.29:1300
%%Pages: 1
%%BeginProlog
%%EndProlog
%%Page: 1 1
 0 0 0 setrgbcolor 0 0.49814 dtransform truncate idtransform setlinewidth pop
 [] 0 setdash 1 setlinecap 1 setlinejoin 10 setmiterlimit
newpath 7.38728 49.81293 moveto
7.63675 46.14087 7.97104 42.47034 8.39015 38.80215 curveto
8.63976 36.61697 8.96706 34.43408 9.39346 32.25575 curveto
9.63608 31.01613 9.96277 29.78082 10.39632 28.55435 curveto
10.63301 27.88503 10.96182 27.2245 11.39949 26.58093 curveto
11.63632 26.23251 11.97746 25.90431 12.40234 25.60385 curveto
12.6623 25.41998 13.02257 25.2805 13.40565 25.16254 curveto
13.70984 25.0689 14.06146 25.02693 14.40852 24.98604 curveto
14.73703 24.94736 15.07542 24.93884 15.41168 24.92607 curveto
15.74536 24.91338 16.08026 24.91307 16.41469 24.90988 curveto
16.74883 24.9067 17.08327 24.90738 17.41756 24.90685 curveto
18.42072 24.90654 lineto
19.42357 24.90654 lineto
20.4269 24.90654 lineto
21.42975 24.90654 lineto
22.4329 24.90623 lineto
22.7672 24.9057 23.10164 24.90639 23.43578 24.9032 curveto
23.7702 24.90001 24.1051 24.89978 24.43878 24.88708 curveto
24.77504 24.87431 25.11343 24.86572 25.44194 24.82704 curveto
25.789 24.78607 26.14063 24.74419 26.44481 24.65054 curveto
26.8279 24.53258 27.18817 24.3931 27.44812 24.20923 curveto
27.873 23.90877 28.21414 23.58057 28.45097 23.23215 curveto
28.88864 22.58858 29.21745 21.92805 29.45415 21.25873 curveto
29.8877 20.03226 30.21439 18.79703 30.457 17.5574 curveto
30.8834 15.37907 31.21071 13.19618 31.46031 11.011 curveto
31.87943 7.34274 32.21371 3.67213 32.46318 0 curveto stroke
newpath 33.75156 3.08319 moveto
32.8608 2.31549 32.38348 1.17322 32.46318 0 curveto
32.38348 1.17322 31.75606 2.24045 30.76965 2.88062 curveto stroke
newpath 6.0989 46.72974 moveto
6.98967 47.49744 7.46698 48.63971 7.38728 49.81293 curveto
7.46698 48.63971 8.0944 47.57248 9.08081 46.93231 curveto stroke
showpage
%%EOF
