%!PS
%%BoundingBox: -1 -1 120 100 
%%HiResBoundingBox: -0.24907 -0.24907 119.80046 99.87523 
%%Creator: MetaPost 1.902
%%CreationDate: 2016.04.29:1300
%%Pages: 1
%%BeginProlog
%%EndProlog
%%Page: 1 1
 0 0 0 setrgbcolor 0 0.49814 dtransform truncate idtransform setlinewidth pop
 [] 0 setdash 1 setlinecap 1 setlinejoin 10 setmiterlimit
newpath 24.90654 87.6399 moveto
25.50032 84.07782 26.16434 80.51894 26.89888 76.96355 curveto
27.49297 74.08723 28.14725 71.2141 28.89183 68.34659 curveto
29.47588 66.09734 30.1259 63.85234 30.88387 61.61601 curveto
31.45485 59.93045 32.0994 58.25096 32.87682 56.58621 curveto
33.42955 55.40276 34.06255 54.22842 34.86916 53.08206 curveto
35.39696 52.33186 36.01202 51.59488 36.8621 50.9222 curveto
37.37227 50.51845 37.9998 50.14357 38.85414 49.92906 curveto
39.47437 49.77325 40.20041 49.79286 40.84709 49.92146 curveto
41.65096 50.08124 42.2636 50.39957 42.83943 50.72124 curveto
43.61502 51.15463 44.231 51.65036 44.83147 52.14807 curveto
45.56328 52.75447 46.19537 53.38884 46.82442 54.02336 curveto
47.52461 54.72963 48.1637 55.4505 48.81676 56.16801 curveto
49.49232 56.91032 50.13414 57.66022 50.80971 58.40253 curveto
51.46246 59.11974 52.10185 59.84015 52.80174 60.54628 curveto
53.43109 61.18094 54.06258 61.81577 54.7947 62.42247 curveto
55.39516 62.92018 56.01144 63.41576 56.78703 63.84915 curveto
57.36256 64.17067 57.97551 64.489 58.77907 64.64862 curveto
59.42575 64.77722 60.1518 64.79698 60.77202 64.64116 curveto
61.62666 64.42651 62.25389 64.05135 62.76436 63.64743 curveto
63.61444 62.9749 64.2295 62.23792 64.75731 61.48772 curveto
65.56392 60.3415 66.19661 59.16733 66.74934 57.98402 curveto
67.52676 56.31927 68.17131 54.63994 68.7423 52.95436 curveto
69.50026 50.71774 70.15059 48.47229 70.73463 46.22258 curveto
71.47922 43.35492 72.1335 40.48164 72.72758 37.60532 curveto
73.46182 34.05023 74.12584 30.4918 74.71962 26.93019 curveto stroke
newpath 75.7022 30.12404 moveto
74.89027 29.27339 74.52625 28.09012 74.71962 26.93019 curveto
74.52625 28.09012 73.79805 29.0913 72.75407 29.63255 curveto stroke
newpath 23.92392 84.44606 moveto
24.73586 85.2967 25.0999 86.47997 24.90654 87.6399 curveto
25.0999 86.47997 25.82808 85.47878 26.87204 84.93752 curveto stroke
newpath 0 49.81308 moveto
119.55139 49.81308 lineto stroke
newpath 114.57008 52.30374 moveto
115.74602 50.73582 117.5915 49.81308 119.55139 49.81308 curveto
117.5915 49.81308 115.74602 48.89034 114.57008 47.32242 curveto stroke
 0.49814 0 dtransform exch truncate exch idtransform pop setlinewidth
newpath 59.7757 0 moveto
59.7757 99.62616 lineto stroke
 0 0.49814 dtransform truncate idtransform setlinewidth pop
newpath 57.28503 94.64485 moveto
58.85295 95.82079 59.7757 97.66628 59.7757 99.62616 curveto
59.7757 97.66628 60.69844 95.82079 62.26636 94.64485 curveto stroke
newpath 69.73831 51.30748 moveto
69.34195 51.30748 68.96188 51.15 68.68164 50.86975 curveto
68.4014 50.58951 68.24391 50.20944 68.24391 49.81308 curveto
68.24391 49.41672 68.4014 49.03665 68.68164 48.75641 curveto
68.96188 48.47617 69.34195 48.31868 69.73831 48.31868 curveto
70.13467 48.31868 70.51474 48.47617 70.79498 48.75641 curveto
71.07523 49.03665 71.23271 49.41672 71.23271 49.81308 curveto
71.23271 50.20944 71.07523 50.58951 70.79498 50.86975 curveto
70.51474 51.15 70.13467 51.30748 69.73831 51.30748 curveto closepath fill
newpath 39.85046 51.30748 moveto
39.4541 51.30748 39.07404 51.15 38.7938 50.86975 curveto
38.51355 50.58951 38.35606 50.20944 38.35606 49.81308 curveto
38.35606 49.41672 38.51355 49.03665 38.7938 48.75641 curveto
39.07404 48.47617 39.4541 48.31868 39.85046 48.31868 curveto
40.24683 48.31868 40.62689 48.47617 40.90714 48.75641 curveto
41.18738 49.03665 41.34486 49.41672 41.34486 49.81308 curveto
41.34486 50.20944 41.18738 50.58951 40.90714 50.86975 curveto
40.62689 51.15 40.24683 51.30748 39.85046 51.30748 curveto closepath fill
newpath 59.7757 66.2514 moveto
59.37933 66.2514 58.99927 66.09392 58.71902 65.81367 curveto
58.43878 65.53343 58.2813 65.15337 58.2813 64.757 curveto
58.2813 64.36064 58.43878 63.98058 58.71902 63.70033 curveto
58.99927 63.42009 59.37933 63.2626 59.7757 63.2626 curveto
60.17206 63.2626 60.55212 63.42009 60.83237 63.70033 curveto
61.11261 63.98058 61.2701 64.36064 61.2701 64.757 curveto
61.2701 65.15337 61.11261 65.53343 60.83237 65.81367 curveto
60.55212 66.09392 60.17206 66.2514 59.7757 66.2514 curveto closepath fill
 0.49814 0 dtransform exch truncate exch idtransform pop setlinewidth
newpath 19.92523 47.82056 moveto
19.92523 51.8056 lineto stroke
newpath 39.85046 47.82056 moveto
39.85046 51.8056 lineto stroke
newpath 59.7757 47.82056 moveto
59.7757 51.8056 lineto stroke
newpath 79.70093 47.82056 moveto
79.70093 51.8056 lineto stroke
newpath 99.62616 47.82056 moveto
99.62616 51.8056 lineto stroke
 0 0.49814 dtransform truncate idtransform setlinewidth pop
newpath 61.76822 54.79439 moveto
57.78317 54.79439 lineto stroke
newpath 61.76822 59.7757 moveto
57.78317 59.7757 lineto stroke
newpath 61.76822 64.757 moveto
57.78317 64.757 lineto stroke
newpath 61.76822 69.73831 moveto
57.78317 69.73831 lineto stroke
showpage
%%EOF
