%!PS
%%BoundingBox: 4 -1 36 51 
%%HiResBoundingBox: 4.76239 -0.27408 35.08803 50.087 
%%Creator: MetaPost 1.902
%%CreationDate: 2016.04.29:1300
%%Pages: 1
%%BeginProlog
%%EndProlog
%%Page: 1 1
 0 0 0 setrgbcolor 0 0.49814 dtransform truncate idtransform setlinewidth pop
 [] 0 setdash 1 setlinecap 1 setlinejoin 10 setmiterlimit
newpath 6.17677 -0.02501 moveto
6.45451 2.55017 6.7818 5.12398 7.15895 7.69595 curveto
7.43654 9.58995 7.76004 11.48218 8.14084 13.37177 curveto
8.41493 14.7314 8.73781 16.08855 9.12302 17.44142 curveto
9.39285 18.38925 9.71544 19.33328 10.10475 20.27069 curveto
10.37079 20.91115 10.69382 21.54536 11.08694 22.16924 curveto
11.35039 22.58743 11.6757 22.99545 12.06882 23.38744 curveto
12.33516 23.653 12.6667 23.90079 13.05101 24.12746 curveto
13.33072 24.29247 13.66986 24.42882 14.03319 24.54611 curveto
14.33495 24.64355 14.67303 24.70717 15.01508 24.76167 curveto
15.33385 24.81244 15.666 24.83646 15.99725 24.85904 curveto
16.32257 24.88115 16.65108 24.88762 16.97899 24.8953 curveto
17.30612 24.90297 17.63373 24.90312 17.96117 24.90501 curveto
18.28847 24.90685 18.61575 24.90623 18.94305 24.90646 curveto
19.92523 24.90654 lineto
20.90741 24.90654 lineto
21.23471 24.90677 21.562 24.90608 21.8893 24.90799 curveto
22.21674 24.90988 22.54434 24.91011 22.87148 24.91779 curveto
23.19939 24.92546 23.5279 24.93185 23.85321 24.95396 curveto
24.18462 24.97655 24.51662 25.00056 24.83539 25.05133 curveto
25.17743 25.10583 25.51552 25.16953 25.81728 25.26697 curveto
26.1806 25.38434 26.51974 25.52061 26.79945 25.68562 curveto
27.18376 25.9123 27.5153 26.16008 27.78165 26.42564 curveto
28.17476 26.81763 28.50008 27.22565 28.76352 27.64384 curveto
29.15665 28.26772 29.47968 28.90201 29.74571 29.54247 curveto
30.13503 30.47987 30.45761 31.42383 30.72745 32.37166 curveto
31.11266 33.72461 31.43553 35.08168 31.70963 36.44139 curveto
32.09042 38.33098 32.41393 40.2232 32.69151 42.1172 curveto
33.06851 44.6891 33.39595 47.26283 33.67369 49.83794 curveto stroke
newpath 31.8674 47.02666 moveto
32.87837 47.62724 33.54759 48.6688 33.67369 49.83794 curveto
33.54759 48.6688 33.9793 47.5085 34.83896 46.70613 curveto stroke
newpath 7.98302 2.7863 moveto
6.97205 2.1857 6.30286 1.14413 6.17677 -0.02501 curveto
6.30286 1.14413 5.87112 2.30441 5.01146 3.10677 curveto stroke
showpage
%%EOF
