%!PS
%%BoundingBox: 1 0 38 50 
%%HiResBoundingBox: 1.95201 0.1844 37.89845 49.6286 
%%Creator: MetaPost 1.902
%%CreationDate: 2016.04.29:1300
%%Pages: 1
%%BeginProlog
%%EndProlog
%%Page: 1 1
 0 0 0 setrgbcolor 0 0.49814 dtransform truncate idtransform setlinewidth pop
 [] 0 setdash 1 setlinecap 1 setlinejoin 10 setmiterlimit
newpath 2.98882 49.37953 moveto
3.3006 48.02148 3.63277 46.66457 3.98529 45.30904 curveto
4.29692 44.11075 4.62772 42.91377 4.98131 41.71846 curveto
5.29189 40.66885 5.62251 39.6207 5.97778 38.57466 curveto
6.28683 37.66454 6.61717 36.7563 6.9738 35.85051 curveto
7.28148 35.06906 7.61182 34.28989 7.97028 33.51384 curveto
8.27614 32.85158 8.60617 32.19212 8.9663 31.53671 curveto
9.27063 30.98291 9.60066 30.43268 9.96277 29.88762 curveto
10.26529 29.4324 10.595 28.98183 10.95879 28.53801 curveto
11.25993 28.17065 11.58997 27.80939 11.95526 27.45686 curveto
12.2555 27.16719 12.58598 26.88557 12.95128 26.61522 curveto
13.25227 26.39244 13.58427 26.18053 13.94775 25.98244 curveto
14.25179 25.81674 14.58562 25.66533 14.94377 25.52928 curveto
15.25435 25.41132 15.59 25.31114 15.94025 25.22533 curveto
16.25888 25.14726 16.59468 25.08888 16.93626 25.04108 curveto
17.26234 24.99539 17.59709 24.96819 17.93274 24.94637 curveto
18.26292 24.92485 18.596 24.91824 18.92876 24.91156 curveto
19.26076 24.90494 19.59308 24.90822 19.92523 24.90654 curveto
20.25739 24.90486 20.5897 24.90822 20.9217 24.9016 curveto
21.25447 24.89491 21.58754 24.88823 21.91772 24.86671 curveto
22.25337 24.8449 22.58812 24.81776 22.9142 24.77208 curveto
23.25578 24.72427 23.59158 24.66582 23.91022 24.58775 curveto
24.26047 24.50194 24.59612 24.40176 24.9067 24.2838 curveto
25.26485 24.14775 25.59868 23.99634 25.90271 23.83064 curveto
26.26619 23.63255 26.59819 23.42064 26.89919 23.19786 curveto
27.26448 22.9275 27.59497 22.64589 27.8952 22.35622 curveto
28.2605 22.0037 28.59053 21.64243 28.89168 21.27507 curveto
29.25546 20.83125 29.58533 20.38068 29.8877 19.92546 curveto
30.2498 19.3804 30.57983 18.83017 30.88417 18.2763 curveto
31.2443 17.62088 31.57433 16.9615 31.88019 16.29924 curveto
32.23865 15.5232 32.56898 14.74402 32.87666 13.96257 curveto
33.23329 13.05685 33.56363 12.14862 33.87268 11.2385 curveto
34.22795 10.19238 34.55858 9.1443 34.86916 8.09462 curveto
35.22275 6.8993 35.55354 5.70233 35.86517 4.50404 curveto
36.2177 3.14844 36.54987 1.79152 36.86165 0.43347 curveto stroke
newpath 37.64938 3.68085 moveto
36.89038 2.78268 36.59853 1.57959 36.86165 0.43347 curveto
36.59853 1.57959 35.81116 2.53491 34.73639 3.01208 curveto stroke
newpath 2.20108 46.13216 moveto
2.96008 47.03032 3.25194 48.23341 2.98882 49.37953 curveto
3.25194 48.23341 4.0393 47.27809 5.11407 46.80092 curveto stroke
showpage
%%EOF
